[
  {
    "model_id": 0,
    "expression": "(0.670825 + ((-0.877909) * (0.000962 * X1)))",
    "complexity": 7,
    "mse_train": 0.010073836465778493,
    "mse_test": 0.00844028056952696,
    "r2_train": 0.7070352881366093,
    "r2_test": 0.7564964412310368,
    "seed": 45,
    "algorithm": "Operon",
    "dataset": "nikuradse_1",
    "scenario": "C1",
    "fold": 5,
    "population_size": 500,
    "pool_size": 500,
    "generations": 400,
    "max_evaluations": 200000,
    "operators": "add,sub,mul,div,constant,variable"
  },
  {
    "model_id": 1,
    "expression": "(0.357069 + ((-19.241371) * ((-0.194642) / (0.583239 * X1))))",
    "complexity": 9,
    "mse_train": 0.00398243353220212,
    "mse_test": 0.004305625251000399,
    "r2_train": 0.8841838959526392,
    "r2_test": 0.8757819645084538,
    "seed": 45,
    "algorithm": "Operon",
    "dataset": "nikuradse_1",
    "scenario": "C1",
    "fold": 5,
    "population_size": 500,
    "pool_size": 500,
    "generations": 400,
    "max_evaluations": 200000,
    "operators": "add,sub,mul,div,constant,variable"
  },
  {
    "model_id": 2,
    "expression": "(0.358444 + (0.491942 * ((0.445697 * X2) / (0.168017 * X1))))",
    "complexity": 11,
    "mse_train": 0.0042679682420722455,
    "mse_test": 0.004633731914841866,
    "r2_train": 0.8758800492217271,
    "r2_test": 0.8663160303320872,
    "seed": 45,
    "algorithm": "Operon",
    "dataset": "nikuradse_1",
    "scenario": "C1",
    "fold": 5,
    "population_size": 500,
    "pool_size": 500,
    "generations": 400,
    "max_evaluations": 200000,
    "operators": "add,sub,mul,div,constant,variable"
  },
  {
    "model_id": 3,
    "expression": "((-0.000117) + (1.000192 * (((-0.000845) * X1) + 0.670813)))",
    "complexity": 9,
    "mse_train": 0.010073836367269438,
    "mse_test": 0.008440284564505227,
    "r2_train": 0.7070352910014244,
    "r2_test": 0.7564963259752207,
    "seed": 45,
    "algorithm": "Operon",
    "dataset": "nikuradse_1",
    "scenario": "C1",
    "fold": 5,
    "population_size": 500,
    "pool_size": 500,
    "generations": 400,
    "max_evaluations": 200000,
    "operators": "add,sub,mul,div,constant,variable"
  },
  {
    "model_id": 4,
    "expression": "(0.356385 + (0.495001 * ((37.836525 + (4.455503 * X2)) / (4.575325 * X1))))",
    "complexity": 13,
    "mse_train": 0.0038790767157968102,
    "mse_test": 0.00415537164102047,
    "r2_train": 0.8871896922091262,
    "r2_test": 0.8801168072244758,
    "seed": 45,
    "algorithm": "Operon",
    "dataset": "nikuradse_1",
    "scenario": "C1",
    "fold": 5,
    "population_size": 500,
    "pool_size": 500,
    "generations": 400,
    "max_evaluations": 200000,
    "operators": "add,sub,mul,div,constant,variable"
  },
  {
    "model_id": 5,
    "expression": "(0.356503 + (0.789066 * (((0.449477 * X2) + 8.083157) / (1.258795 * X1))))",
    "complexity": 13,
    "mse_train": 0.003892928730437344,
    "mse_test": 0.004179460223016124,
    "r2_train": 0.8867868514947989,
    "r2_test": 0.8794218474546766,
    "seed": 45,
    "algorithm": "Operon",
    "dataset": "nikuradse_1",
    "scenario": "C1",
    "fold": 5,
    "population_size": 500,
    "pool_size": 500,
    "generations": 400,
    "max_evaluations": 200000,
    "operators": "add,sub,mul,div,constant,variable"
  },
  {
    "model_id": 6,
    "expression": "((-0.694587) + ((-14.621853) * ((((-0.090537) * X1) + (-0.552814)) / (1.258794 * X1))))",
    "complexity": 13,
    "mse_train": 0.003982425289729462,
    "mse_test": 0.0043056096871623,
    "r2_train": 0.8841841356581015,
    "r2_test": 0.8757824135278832,
    "seed": 45,
    "algorithm": "Operon",
    "dataset": "nikuradse_1",
    "scenario": "C1",
    "fold": 5,
    "population_size": 500,
    "pool_size": 500,
    "generations": 400,
    "max_evaluations": 200000,
    "operators": "add,sub,mul,div,constant,variable"
  },
  {
    "model_id": 7,
    "expression": "(0.000000 + (1.000000 * (((0.449477 * X1) - (-8.083154)) / (1.258794 * X1))))",
    "complexity": 13,
    "mse_train": 0.003982431999631689,
    "mse_test": 0.0043056255723974025,
    "r2_train": 0.884183940522457,
    "r2_test": 0.8757819552360945,
    "seed": 45,
    "algorithm": "Operon",
    "dataset": "nikuradse_1",
    "scenario": "C1",
    "fold": 5,
    "population_size": 500,
    "pool_size": 500,
    "generations": 400,
    "max_evaluations": 200000,
    "operators": "add,sub,mul,div,constant,variable"
  },
  {
    "model_id": 8,
    "expression": "(0.663111 + ((-0.824321) * ((0.002376 * X1) - ((0.000090 * X2) * (3.047176 * X1)))))",
    "complexity": 15,
    "mse_train": 0.012243767509371076,
    "mse_test": 0.010018365727945958,
    "r2_train": 0.6439299136242189,
    "r2_test": 0.7109684106223285,
    "seed": 45,
    "algorithm": "Operon",
    "dataset": "nikuradse_1",
    "scenario": "C1",
    "fold": 5,
    "population_size": 500,
    "pool_size": 500,
    "generations": 400,
    "max_evaluations": 200000,
    "operators": "add,sub,mul,div,constant,variable"
  },
  {
    "model_id": 9,
    "expression": "(0.093950 + (0.837030 * (((-0.000717) * X1) + (56.508118 / (17.931147 * X2)))))",
    "complexity": 13,
    "mse_train": 0.014378408609617404,
    "mse_test": 0.012204065960181169,
    "r2_train": 0.5818508321352692,
    "r2_test": 0.6479105797164476,
    "seed": 45,
    "algorithm": "Operon",
    "dataset": "nikuradse_1",
    "scenario": "C1",
    "fold": 5,
    "population_size": 500,
    "pool_size": 500,
    "generations": 400,
    "max_evaluations": 200000,
    "operators": "add,sub,mul,div,constant,variable"
  },
  {
    "model_id": 10,
    "expression": "(0.000000 + (1.000000 * (((5.064257 * X1) + 760.684143) / (789.572876 - ((-19.909485) * X1)))))",
    "complexity": 15,
    "mse_train": 0.0013206230939041353,
    "mse_test": 0.0008051789777152818,
    "r2_train": 0.9615939800591288,
    "r2_test": 0.9767704467991856,
    "seed": 45,
    "algorithm": "Operon",
    "dataset": "nikuradse_1",
    "scenario": "C1",
    "fold": 5,
    "population_size": 500,
    "pool_size": 500,
    "generations": 400,
    "max_evaluations": 200000,
    "operators": "add,sub,mul,div,constant,variable"
  },
  {
    "model_id": 11,
    "expression": "(0.000000 + (1.000000 * (((24.924364 * X1) - ((-90.741035) * X2)) * ((-0.055960) / ((-3.891163) * X1)))))",
    "complexity": 17,
    "mse_train": 0.004267968866846194,
    "mse_test": 0.004633732809843405,
    "r2_train": 0.8758800310522123,
    "r2_test": 0.8663160045111374,
    "seed": 45,
    "algorithm": "Operon",
    "dataset": "nikuradse_1",
    "scenario": "C1",
    "fold": 5,
    "population_size": 500,
    "pool_size": 500,
    "generations": 400,
    "max_evaluations": 200000,
    "operators": "add,sub,mul,div,constant,variable"
  },
  {
    "model_id": 12,
    "expression": "(0.111747 + (0.807466 * ((0.013590 - (0.000015 * X1)) * ((10.162127 * X2) - (0.033469 * X1)))))",
    "complexity": 17,
    "mse_train": 0.013564026558347658,
    "mse_test": 0.01119938437771055,
    "r2_train": 0.6055344807439644,
    "r2_test": 0.6768958176769602,
    "seed": 45,
    "algorithm": "Operon",
    "dataset": "nikuradse_1",
    "scenario": "C1",
    "fold": 5,
    "population_size": 500,
    "pool_size": 500,
    "generations": 400,
    "max_evaluations": 200000,
    "operators": "add,sub,mul,div,constant,variable"
  },
  {
    "model_id": 13,
    "expression": "(0.110779 + (0.809114 * ((((-0.000002) * X1) - ((-0.000521) * X2)) * (264.677094 + ((-0.286723) * X1)))))",
    "complexity": 17,
    "mse_train": 0.013594504533959655,
    "mse_test": 0.011222686525533168,
    "r2_train": 0.604648128124118,
    "r2_test": 0.6762235466694946,
    "seed": 45,
    "algorithm": "Operon",
    "dataset": "nikuradse_1",
    "scenario": "C1",
    "fold": 5,
    "population_size": 500,
    "pool_size": 500,
    "generations": 400,
    "max_evaluations": 200000,
    "operators": "add,sub,mul,div,constant,variable"
  },
  {
    "model_id": 14,
    "expression": "(0.098787 + (0.828466 * (((0.008624 * X1) - 6.536842) / ((-3104896512.000000) / (63863488.000000 * X2)))))",
    "complexity": 15,
    "mse_train": 0.0148546245593001,
    "mse_test": 0.012128262571509557,
    "r2_train": 0.5680016428063098,
    "r2_test": 0.6500975206310573,
    "seed": 45,
    "algorithm": "Operon",
    "dataset": "nikuradse_1",
    "scenario": "C1",
    "fold": 5,
    "population_size": 500,
    "pool_size": 500,
    "generations": 400,
    "max_evaluations": 200000,
    "operators": "add,sub,mul,div,constant,variable"
  },
  {
    "model_id": 15,
    "expression": "(0.000073 + (0.999877 * ((2.819027 + (0.018973 * X1)) / (((0.074553 * X1) - (-3.543455)) - (0.128707 * X2)))))",
    "complexity": 19,
    "mse_train": 0.0012418689303228593,
    "mse_test": 0.0007195776699363196,
    "r2_train": 0.9638842883165646,
    "r2_test": 0.9792400593799226,
    "seed": 45,
    "algorithm": "Operon",
    "dataset": "nikuradse_1",
    "scenario": "C1",
    "fold": 5,
    "population_size": 500,
    "pool_size": 500,
    "generations": 400,
    "max_evaluations": 200000,
    "operators": "add,sub,mul,div,constant,variable"
  },
  {
    "model_id": 16,
    "expression": "((-0.000002) + (1.000002 * ((((-6.164286) + ((-0.312102) * X2)) / (((-0.277202) * X1) - 10.764990)) + 0.254582)))",
    "complexity": 17,
    "mse_train": 0.0012544403288340014,
    "mse_test": 0.0007288005255741364,
    "r2_train": 0.9635186901499627,
    "r2_test": 0.9789739783946615,
    "seed": 45,
    "algorithm": "Operon",
    "dataset": "nikuradse_1",
    "scenario": "C1",
    "fold": 5,
    "population_size": 500,
    "pool_size": 500,
    "generations": 400,
    "max_evaluations": 200000,
    "operators": "add,sub,mul,div,constant,variable"
  },
  {
    "model_id": 17,
    "expression": "((-0.000000) + (1.000000 * (((-19.403666) / (((-0.692219) * X1) - 27.411318)) + (0.268898 - (0.002780 * X2)))))",
    "complexity": 17,
    "mse_train": 0.0013178292098143143,
    "mse_test": 0.0008149826833591024,
    "r2_train": 0.9616752310750784,
    "r2_test": 0.9764876081904772,
    "seed": 45,
    "algorithm": "Operon",
    "dataset": "nikuradse_1",
    "scenario": "C1",
    "fold": 5,
    "population_size": 500,
    "pool_size": 500,
    "generations": 400,
    "max_evaluations": 200000,
    "operators": "add,sub,mul,div,constant,variable"
  },
  {
    "model_id": 18,
    "expression": "(0.000015 + (0.999979 * (((((-0.247799) * X2) * (0.000295 * X1)) + 0.467277) + (4.228472 / (0.911155 * X1)))))",
    "complexity": 19,
    "mse_train": 0.0013775205414405197,
    "mse_test": 0.0010774618827209196,
    "r2_train": 0.9599393031761077,
    "r2_test": 0.9689150377503203,
    "seed": 45,
    "algorithm": "Operon",
    "dataset": "nikuradse_1",
    "scenario": "C1",
    "fold": 5,
    "population_size": 500,
    "pool_size": 500,
    "generations": 400,
    "max_evaluations": 200000,
    "operators": "add,sub,mul,div,constant,variable"
  },
  {
    "model_id": 19,
    "expression": "(0.000000 + (1.000000 * ((((0.000005 * X1) + ((-0.000182) * X2)) * (0.652189 * X1)) + (((-0.002011) * X1) - (-0.752198)))))",
    "complexity": 21,
    "mse_train": 0.003920309241152282,
    "mse_test": 0.002978455961807995,
    "r2_train": 0.8859905785495784,
    "r2_test": 0.9140710287575748,
    "seed": 45,
    "algorithm": "Operon",
    "dataset": "nikuradse_1",
    "scenario": "C1",
    "fold": 5,
    "population_size": 500,
    "pool_size": 500,
    "generations": 400,
    "max_evaluations": 200000,
    "operators": "add,sub,mul,div,constant,variable"
  },
  {
    "model_id": 20,
    "expression": "(0.065505 + (0.886316 * ((((0.000154 * X1) - ((-0.134062) * X2)) + (0.001639 * X1)) - ((0.000365 * X2) * (1.427724 * X1)))))",
    "complexity": 23,
    "mse_train": 0.013207298264218223,
    "mse_test": 0.011529258509767269,
    "r2_train": 0.6159087609159895,
    "r2_test": 0.6673788917359382,
    "seed": 45,
    "algorithm": "Operon",
    "dataset": "nikuradse_1",
    "scenario": "C1",
    "fold": 5,
    "population_size": 500,
    "pool_size": 500,
    "generations": 400,
    "max_evaluations": 200000,
    "operators": "add,sub,mul,div,constant,variable"
  },
  {
    "model_id": 21,
    "expression": "((-0.000802) + (1.001350 * ((((-103.089684) + ((-321.328766) * X2)) / (((-64.820976) * X1) - 2380.763672)) + ((-16.694904) / ((-12.819875) * X2)))))",
    "complexity": 21,
    "mse_train": 0.000914149086195551,
    "mse_test": 0.000620276061258907,
    "r2_train": 0.973414952233219,
    "r2_test": 0.9821049280185001,
    "seed": 45,
    "algorithm": "Operon",
    "dataset": "nikuradse_1",
    "scenario": "C1",
    "fold": 5,
    "population_size": 500,
    "pool_size": 500,
    "generations": 400,
    "max_evaluations": 200000,
    "operators": "add,sub,mul,div,constant,variable"
  },
  {
    "model_id": 22,
    "expression": "((-0.000006) + (0.999998 * ((((-2.936098) - (0.166800 * X2)) / (((-0.160332) * X1) - 5.344693)) + (0.286898 + ((-0.000055) * X1)))))",
    "complexity": 21,
    "mse_train": 0.0012476469183135663,
    "mse_test": 0.0007366233774405344,
    "r2_train": 0.9637162543612192,
    "r2_test": 0.9787482877610979,
    "seed": 45,
    "algorithm": "Operon",
    "dataset": "nikuradse_1",
    "scenario": "C1",
    "fold": 5,
    "population_size": 500,
    "pool_size": 500,
    "generations": 400,
    "max_evaluations": 200000,
    "operators": "add,sub,mul,div,constant,variable"
  },
  {
    "model_id": 23,
    "expression": "((-0.000218) + (1.000357 * ((((2.213012 * X1) - (36953.500000 * X2)) + (37016.914062 * X2)) / (((8.603412 * X1) - 40.372028) - ((-72.905678) * X2)))))",
    "complexity": 25,
    "mse_train": 0.0014046377900321697,
    "mse_test": 0.0008594685137405357,
    "r2_train": 0.9591506863520041,
    "r2_test": 0.9752041842659478,
    "seed": 45,
    "algorithm": "Operon",
    "dataset": "nikuradse_1",
    "scenario": "C1",
    "fold": 5,
    "population_size": 500,
    "pool_size": 500,
    "generations": 400,
    "max_evaluations": 200000,
    "operators": "add,sub,mul,div,constant,variable"
  },
  {
    "model_id": 24,
    "expression": "(0.000000 + (1.000000 * ((((((-0.000311) * X2) - (0.000085 * X1)) * 5.753710) * ((-143.901962) + (-2738.864990))) / (3.955863 * X1))))",
    "complexity": 21,
    "mse_train": 0.004267968870979584,
    "mse_test": 0.004633731454331153,
    "r2_train": 0.8758800309320063,
    "r2_test": 0.866316043617901,
    "seed": 45,
    "algorithm": "Operon",
    "dataset": "nikuradse_1",
    "scenario": "C1",
    "fold": 5,
    "population_size": 500,
    "pool_size": 500,
    "generations": 400,
    "max_evaluations": 200000,
    "operators": "add,sub,mul,div,constant,variable"
  },
  {
    "model_id": 25,
    "expression": "(0.527466 + (0.006049 * ((((2.969999 * X2) + ((-0.865606) / (-1.912806))) + ((8994023424.000000 * X2) / (42114964.000000 * X1))) + (-42.951649))))",
    "complexity": 21,
    "mse_train": 0.005003625441204739,
    "mse_test": 0.005255966708533315,
    "r2_train": 0.8544858564426184,
    "r2_test": 0.8483644485800801,
    "seed": 45,
    "algorithm": "Operon",
    "dataset": "nikuradse_1",
    "scenario": "C1",
    "fold": 5,
    "population_size": 500,
    "pool_size": 500,
    "generations": 400,
    "max_evaluations": 200000,
    "operators": "add,sub,mul,div,constant,variable"
  },
  {
    "model_id": 26,
    "expression": "((-0.038355) + (1.072277 * ((((-8840.604492) + ((-2932.233887) * X2)) / ((7537.117676 * X2) + ((-26.175472) * X1))) + (1.801925 - (0.109168 * X2)))))",
    "complexity": 23,
    "mse_train": 0.014399766322902352,
    "mse_test": 0.011612152049819713,
    "r2_train": 0.5812297126303179,
    "r2_test": 0.6649873987238928,
    "seed": 45,
    "algorithm": "Operon",
    "dataset": "nikuradse_1",
    "scenario": "C1",
    "fold": 5,
    "population_size": 500,
    "pool_size": 500,
    "generations": 400,
    "max_evaluations": 200000,
    "operators": "add,sub,mul,div,constant,variable"
  },
  {
    "model_id": 27,
    "expression": "(0.000000 + (1.000000 * ((21.549339 / (((7148.700684 / ((-15467.358398) * X1)) + (((-2.112352) * X2) + (0.770810 * X1))) - (-40.644310))) + 0.254495)))",
    "complexity": 23,
    "mse_train": 0.001236611098115114,
    "mse_test": 0.0007166348781414407,
    "r2_train": 0.9640371952356913,
    "r2_test": 0.9793249594337616,
    "seed": 45,
    "algorithm": "Operon",
    "dataset": "nikuradse_1",
    "scenario": "C1",
    "fold": 5,
    "population_size": 500,
    "pool_size": 500,
    "generations": 400,
    "max_evaluations": 200000,
    "operators": "add,sub,mul,div,constant,variable"
  },
  {
    "model_id": 28,
    "expression": "((-0.000021) + (1.000005 * (((((-43.987152) * X1) - 190.558929) / ((55.352058 * X1) - (-2193.183105))) + (((-88.746773) + 89.810326) + ((-0.002779) * X2)))))",
    "complexity": 23,
    "mse_train": 0.0013178298825250157,
    "mse_test": 0.0008148080623845706,
    "r2_train": 0.9616752115114794,
    "r2_test": 0.976492646035888,
    "seed": 45,
    "algorithm": "Operon",
    "dataset": "nikuradse_1",
    "scenario": "C1",
    "fold": 5,
    "population_size": 500,
    "pool_size": 500,
    "generations": 400,
    "max_evaluations": 200000,
    "operators": "add,sub,mul,div,constant,variable"
  },
  {
    "model_id": 29,
    "expression": "((-0.000892) + (1.001602 * ((0.631718 - 17.897600) - ((41.269100 * X1) / (((0.056782 * X2) - (0.790137 * X1)) * (1.860459 + 1.102768))))))",
    "complexity": 23,
    "mse_train": 0.004364343734525267,
    "mse_test": 0.00475836560610665,
    "r2_train": 0.8730772820264181,
    "r2_test": 0.8627203267158994,
    "seed": 45,
    "algorithm": "Operon",
    "dataset": "nikuradse_1",
    "scenario": "C1",
    "fold": 5,
    "population_size": 500,
    "pool_size": 500,
    "generations": 400,
    "max_evaluations": 200000,
    "operators": "add,sub,mul,div,constant,variable"
  },
  {
    "model_id": 30,
    "expression": "(0.003806 + (0.990237 * ((288.319641 - 287.573120) - ((-0.000000) * (((0.625212 * X2) * ((-25.693922) * X1)) * (((-0.129288) * X1) + 99.391594))))))",
    "complexity": 23,
    "mse_train": 0.00448020386747227,
    "mse_test": 0.0034140476949616745,
    "r2_train": 0.8697078675455915,
    "r2_test": 0.9015041316835353,
    "seed": 45,
    "algorithm": "Operon",
    "dataset": "nikuradse_1",
    "scenario": "C1",
    "fold": 5,
    "population_size": 500,
    "pool_size": 500,
    "generations": 400,
    "max_evaluations": 200000,
    "operators": "add,sub,mul,div,constant,variable"
  },
  {
    "model_id": 31,
    "expression": "(0.066141 + (0.888745 * (((12.262153 + (262.690582 * X2)) / ((48.945988 * X1) - (-1751.420532))) + ((((-0.247799) * X2) * (0.000021 * X1)) - ((-0.050101) * X2)))))",
    "complexity": 27,
    "mse_train": 0.004896464990716772,
    "mse_test": 0.004286690106580765,
    "r2_train": 0.8576022690037124,
    "r2_test": 0.8763282467100943,
    "seed": 45,
    "algorithm": "Operon",
    "dataset": "nikuradse_1",
    "scenario": "C1",
    "fold": 5,
    "population_size": 500,
    "pool_size": 500,
    "generations": 400,
    "max_evaluations": 200000,
    "operators": "add,sub,mul,div,constant,variable"
  },
  {
    "model_id": 32,
    "expression": "(0.005942 + (0.989972 * ((((-0.000108) * X1) + (0.051360 * X2)) - (((-100.960564) * X2) / ((((0.006159 * X1) + ((-3.544343) * X2)) * ((-3.225816) * X1)) + (((-36.079170) * X1) - (-649.716553)))))))",
    "complexity": 33,
    "mse_train": 0.0008011444783950241,
    "mse_test": 0.0007411654101603335,
    "r2_train": 0.9767013230687971,
    "r2_test": 0.9786172493291163,
    "seed": 45,
    "algorithm": "Operon",
    "dataset": "nikuradse_1",
    "scenario": "C1",
    "fold": 5,
    "population_size": 500,
    "pool_size": 500,
    "generations": 400,
    "max_evaluations": 200000,
    "operators": "add,sub,mul,div,constant,variable"
  },
  {
    "model_id": 33,
    "expression": "((-0.000000) + (1.000000 * (((12.262153 + (249.981674 * X2)) / ((48.360237 * X1) - (-1751.420532))) + ((((-3.264946) / ((-1.231078) * X2)) - 0.547005) - ((-0.054726) * X2)))))",
    "complexity": 27,
    "mse_train": 0.0008933064831966951,
    "mse_test": 0.0006761260687817337,
    "r2_train": 0.9740210914337893,
    "r2_test": 0.980493645611825,
    "seed": 45,
    "algorithm": "Operon",
    "dataset": "nikuradse_1",
    "scenario": "C1",
    "fold": 5,
    "population_size": 500,
    "pool_size": 500,
    "generations": 400,
    "max_evaluations": 200000,
    "operators": "add,sub,mul,div,constant,variable"
  },
  {
    "model_id": 34,
    "expression": "((-0.000000) + (1.000000 * (((0.178441 + (4.781040 * X2)) / ((0.908129 * X1) - (-33.580994))) + ((((-4.274082) / ((-3.056325) * X2)) - (-4.094946)) - 4.114802))))",
    "complexity": 25,
    "mse_train": 0.000912532397323621,
    "mse_test": 0.0006279768777161155,
    "r2_train": 0.9734619683616966,
    "r2_test": 0.9818827581276642,
    "seed": 45,
    "algorithm": "Operon",
    "dataset": "nikuradse_1",
    "scenario": "C1",
    "fold": 5,
    "population_size": 500,
    "pool_size": 500,
    "generations": 400,
    "max_evaluations": 200000,
    "operators": "add,sub,mul,div,constant,variable"
  },
  {
    "model_id": 35,
    "expression": "(0.000001 + (0.999999 * ((20.276720 / ((((((-0.010612) * X1) - ((-20.030857) * X2)) + ((-15.885298) * X2)) + (((-6.131820) * X2) + (0.736511 * X1))) - (-38.202614))) + 0.254537)))",
    "complexity": 29,
    "mse_train": 0.0012366655529733115,
    "mse_test": 0.0007165895959676649,
    "r2_train": 0.964035611593561,
    "r2_test": 0.9793262658323313,
    "seed": 45,
    "algorithm": "Operon",
    "dataset": "nikuradse_1",
    "scenario": "C1",
    "fold": 5,
    "population_size": 500,
    "pool_size": 500,
    "generations": 400,
    "max_evaluations": 200000,
    "operators": "add,sub,mul,div,constant,variable"
  },
  {
    "model_id": 36,
    "expression": "(0.000001 + (1.000000 * (((((-4420.848145) + ((-206.729614) * X1)) / (-25.224651)) / (27.519566 * X1)) - (((-0.036406) / ((-19.740082) * X2)) * ((143.794357 * X1) / ((-0.888358) * X1))))))",
    "complexity": 29,
    "mse_train": 0.003922357522626849,
    "mse_test": 0.004387993177048554,
    "r2_train": 0.8859310109564325,
    "r2_test": 0.8734056355516229,
    "seed": 45,
    "algorithm": "Operon",
    "dataset": "nikuradse_1",
    "scenario": "C1",
    "fold": 5,
    "population_size": 500,
    "pool_size": 500,
    "generations": 400,
    "max_evaluations": 200000,
    "operators": "add,sub,mul,div,constant,variable"
  },
  {
    "model_id": 37,
    "expression": "((-0.000013) + (1.000025 * ((((-0.010247) * X2) - (-55.888336)) - (8.742475 * (((1.993001 * X2) / ((-3.252358) * X2)) * (((-0.881577) / ((-0.740542) * X1)) + (-10.355808)))))))",
    "complexity": 27,
    "mse_train": 0.003943921846716808,
    "mse_test": 0.0043748572578207485,
    "r2_train": 0.8853038828493797,
    "r2_test": 0.8737846091003483,
    "seed": 45,
    "algorithm": "Operon",
    "dataset": "nikuradse_1",
    "scenario": "C1",
    "fold": 5,
    "population_size": 500,
    "pool_size": 500,
    "generations": 400,
    "max_evaluations": 200000,
    "operators": "add,sub,mul,div,constant,variable"
  },
  {
    "model_id": 38,
    "expression": "(0.357069 + (1.005603 * (((((-44193376.000000) * X2) / ((-40089280.000000) * X1)) / ((((-23.684492) * X2) * (121.711716 * X2)) - ((-64456.464844) - 64457.019531))) + (14.464818 / (2.265269 * X1)))))",
    "complexity": 29,
    "mse_train": 0.003982399254822465,
    "mse_test": 0.004305585521054506,
    "r2_train": 0.8841848927985467,
    "r2_test": 0.8757831107242857,
    "seed": 45,
    "algorithm": "Operon",
    "dataset": "nikuradse_1",
    "scenario": "C1",
    "fold": 5,
    "population_size": 500,
    "pool_size": 500,
    "generations": 400,
    "max_evaluations": 200000,
    "operators": "add,sub,mul,div,constant,variable"
  },
  {
    "model_id": 39,
    "expression": "(0.005331 + (0.990403 * ((((((-5455.220215) * X1) + (-3.410316)) - ((-114688294912.000000) / ((-9083867136.000000) * X2))) / ((-0.941170) * X1)) + (((-5795.880859) + ((-1003.374695) * X2)) - ((-1003.380188) * X2)))))",
    "complexity": 29,
    "mse_train": 0.004427970730664249,
    "mse_test": 0.00486717315315166,
    "r2_train": 0.8712268981479511,
    "r2_test": 0.8595812101061934,
    "seed": 45,
    "algorithm": "Operon",
    "dataset": "nikuradse_1",
    "scenario": "C1",
    "fold": 5,
    "population_size": 500,
    "pool_size": 500,
    "generations": 400,
    "max_evaluations": 200000,
    "operators": "add,sub,mul,div,constant,variable"
  },
  {
    "model_id": 40,
    "expression": "(0.291807 + (0.277073 * (((((21439.302734 * X1) - (1.152674 * X2)) + ((2.601471 * X2) / ((-0.063787) * X1))) / ((-0.948495) * X1)) + ((22604.109375 - (0.032982 * X2)) - (0.000324 * X1)))))",
    "complexity": 33,
    "mse_train": 0.0046974469492682145,
    "mse_test": 0.005173388745671571,
    "r2_train": 0.8633900603150624,
    "r2_test": 0.8507468371354232,
    "seed": 45,
    "algorithm": "Operon",
    "dataset": "nikuradse_1",
    "scenario": "C1",
    "fold": 5,
    "population_size": 500,
    "pool_size": 500,
    "generations": 400,
    "max_evaluations": 200000,
    "operators": "add,sub,mul,div,constant,variable"
  },
  {
    "model_id": 41,
    "expression": "((-0.003358) + (1.005698 * (((((((-22.447992) * X2) - (0.435349 * X1)) + 25.640564) / (((-0.673985) * X1) + (-44.659309))) * ((95.724091 / (14.318888 * X1)) + 2.453765)) / (1.269804 * X2))))",
    "complexity": 31,
    "mse_train": 0.0008772743927581084,
    "mse_test": 0.000554272887708103,
    "r2_train": 0.9744873325497597,
    "r2_test": 0.984009131026596,
    "seed": 45,
    "algorithm": "Operon",
    "dataset": "nikuradse_1",
    "scenario": "C1",
    "fold": 5,
    "population_size": 500,
    "pool_size": 500,
    "generations": 400,
    "max_evaluations": 200000,
    "operators": "add,sub,mul,div,constant,variable"
  },
  {
    "model_id": 42,
    "expression": "((-0.003341) + (1.005633 * (((((((-11244.784180) * X2) - (218.803879 * X1)) + 12885.521484) / (((-5.161058) * X1) + (-340.041901))) * (((-187.381317) / ((-200.496307) * X1)) + 0.345970)) / (11.742387 * X2))))",
    "complexity": 31,
    "mse_train": 0.0008772879534436115,
    "mse_test": 0.0005543913073366122,
    "r2_train": 0.9744869381814042,
    "r2_test": 0.9840057145997685,
    "seed": 45,
    "algorithm": "Operon",
    "dataset": "nikuradse_1",
    "scenario": "C1",
    "fold": 5,
    "population_size": 500,
    "pool_size": 500,
    "generations": 400,
    "max_evaluations": 200000,
    "operators": "add,sub,mul,div,constant,variable"
  },
  {
    "model_id": 43,
    "expression": "((-0.000607) + (1.000943 * (((((9.867036 - (8.076221 * X2)) - (0.198748 * X1)) + 2.561554) / (((-3.205544) * X1) + (-119.005341))) * (((-4.905618) / ((-0.217067) * X2)) + (-0.318930)))))",
    "complexity": 29,
    "mse_train": 0.0008962880326391443,
    "mse_test": 0.0005541811674856557,
    "r2_train": 0.9739343827824943,
    "r2_test": 0.9840117771709266,
    "seed": 45,
    "algorithm": "Operon",
    "dataset": "nikuradse_1",
    "scenario": "C1",
    "fold": 5,
    "population_size": 500,
    "pool_size": 500,
    "generations": 400,
    "max_evaluations": 200000,
    "operators": "add,sub,mul,div,constant,variable"
  },
  {
    "model_id": 44,
    "expression": "((-0.000382) + (1.000648 * (((((((-390.414978) * X1) / (163.837280 * X2)) - ((-0.149734) * X1)) + (-45.927853)) / ((((-1.393105) * X1) * 2.097540) + (-109.144096))) * ((0.185201 * X2) + 1.399765))))",
    "complexity": 31,
    "mse_train": 0.0009109888522091075,
    "mse_test": 0.0005865916377566495,
    "r2_train": 0.9735068573423008,
    "r2_test": 0.983076729480586,
    "seed": 45,
    "algorithm": "Operon",
    "dataset": "nikuradse_1",
    "scenario": "C1",
    "fold": 5,
    "population_size": 500,
    "pool_size": 500,
    "generations": 400,
    "max_evaluations": 200000,
    "operators": "add,sub,mul,div,constant,variable"
  },
  {
    "model_id": 45,
    "expression": "(0.012940 + (0.978222 * ((((((3709.845215 * X2) + (56.830948 * X1)) - 11846.010742) + 1098.346436) / (((-3.534137) * X1) + (-124.875130))) * ((1.081670 / ((-6.989132) * X2)) + 0.014477))))",
    "complexity": 29,
    "mse_train": 0.0013657617306878343,
    "mse_test": 0.0011362610680941722,
    "r2_train": 0.9602812698752613,
    "r2_test": 0.9672186710509956,
    "seed": 45,
    "algorithm": "Operon",
    "dataset": "nikuradse_1",
    "scenario": "C1",
    "fold": 5,
    "population_size": 500,
    "pool_size": 500,
    "generations": 400,
    "max_evaluations": 200000,
    "operators": "add,sub,mul,div,constant,variable"
  },
  {
    "model_id": 46,
    "expression": "(0.001090 + (0.997946 * ((((-65.132805) * X2) * (((((-8.453115) * X2) - (9.891989 * X1)) - (23.873713 - (-21.199371))) / (((-36.441376) * X1) * ((-32.403996) * X2)))) - ((0.000349 * X1) + (0.017170 * X2)))))",
    "complexity": 35,
    "mse_train": 0.0014698730821408534,
    "mse_test": 0.0011036630243601265,
    "r2_train": 0.9572535304252756,
    "r2_test": 0.968159130268288,
    "seed": 45,
    "algorithm": "Operon",
    "dataset": "nikuradse_1",
    "scenario": "C1",
    "fold": 5,
    "population_size": 500,
    "pool_size": 500,
    "generations": 400,
    "max_evaluations": 200000,
    "operators": "add,sub,mul,div,constant,variable"
  },
  {
    "model_id": 47,
    "expression": "(0.000012 + (0.999968 * ((((((-25.033260) * X2) / ((-0.639833) * X1)) - ((-6.501566) - 4.244696)) / ((75.196571 / (4.010955 * X1)) + (23.174974 / (37.215141 * X1)))) / (1.547727 * X1))))",
    "complexity": 31,
    "mse_train": 0.0042679684768586554,
    "mse_test": 0.00463373147385171,
    "r2_train": 0.8758800423937293,
    "r2_test": 0.8663160430547296,
    "seed": 45,
    "algorithm": "Operon",
    "dataset": "nikuradse_1",
    "scenario": "C1",
    "fold": 5,
    "population_size": 500,
    "pool_size": 500,
    "generations": 400,
    "max_evaluations": 200000,
    "operators": "add,sub,mul,div,constant,variable"
  },
  {
    "model_id": 48,
    "expression": "(0.055842 + (0.905878 * ((0.054746 * X2) + (((((-4.039290) * X2) * (0.108266 * X2)) / ((-52.388390) - ((-8.625841) * X1))) * ((((-10.790933) * X2) / ((-0.411827) * X1)) - (7.182669 - (-5.249012)))))))",
    "complexity": 33,
    "mse_train": 0.004652076312995153,
    "mse_test": 0.0036341235606763807,
    "r2_train": 0.8647095174481962,
    "r2_test": 0.8951549047758218,
    "seed": 45,
    "algorithm": "Operon",
    "dataset": "nikuradse_1",
    "scenario": "C1",
    "fold": 5,
    "population_size": 500,
    "pool_size": 500,
    "generations": 400,
    "max_evaluations": 200000,
    "operators": "add,sub,mul,div,constant,variable"
  },
  {
    "model_id": 49,
    "expression": "(0.000296 + (0.999443 * ((((11.969578 * X2) / ((-40.696346) * X2)) / ((6.689880 - (-5.891890)) * (((-5.467713) * X1) * (-0.566188)))) - ((0.000229 * (3.699122 * X1)) - 0.671157))))",
    "complexity": 29,
    "mse_train": 0.010100891520396905,
    "mse_test": 0.008462031744901219,
    "r2_train": 0.7062484800215822,
    "r2_test": 0.7558689160477908,
    "seed": 45,
    "algorithm": "Operon",
    "dataset": "nikuradse_1",
    "scenario": "C1",
    "fold": 5,
    "population_size": 500,
    "pool_size": 500,
    "generations": 400,
    "max_evaluations": 200000,
    "operators": "add,sub,mul,div,constant,variable"
  },
  {
    "model_id": 50,
    "expression": "((-0.007046) + (1.013277 * ((((-8840.604492) + ((-6409.969727) * X2)) / ((4383.408691 + (0.561568 * X1)) + ((5975.980469 + ((-3.445424) * X1)) + 2541.211182))) + (1.362766 - ((-0.493685) * X2)))))",
    "complexity": 29,
    "mse_train": 0.01040200103278878,
    "mse_test": 0.008747821415115155,
    "r2_train": 0.6974916909038631,
    "r2_test": 0.7476238344793232,
    "seed": 45,
    "algorithm": "Operon",
    "dataset": "nikuradse_1",
    "scenario": "C1",
    "fold": 5,
    "population_size": 500,
    "pool_size": 500,
    "generations": 400,
    "max_evaluations": 200000,
    "operators": "add,sub,mul,div,constant,variable"
  },
  {
    "model_id": 51,
    "expression": "((-0.004081) + (1.006864 * (((40.874180 + (-39.261101)) - ((-0.026295) * X2)) - ((19.849121 * X2) / ((((0.044644 * X1) - ((-18.079811) * X2)) + (0.053712 * X1)) - ((0.031394 * X2) * (0.907436 * X1)))))))",
    "complexity": 35,
    "mse_train": 0.012379956923030665,
    "mse_test": 0.010626398559606436,
    "r2_train": 0.6399692882490539,
    "r2_test": 0.6934265579388703,
    "seed": 45,
    "algorithm": "Operon",
    "dataset": "nikuradse_1",
    "scenario": "C1",
    "fold": 5,
    "population_size": 500,
    "pool_size": 500,
    "generations": 400,
    "max_evaluations": 200000,
    "operators": "add,sub,mul,div,constant,variable"
  },
  {
    "model_id": 52,
    "expression": "((-0.000027) + (1.000048 * ((((-3.241383) - ((-0.444353) * X2)) / ((0.009417 * X1) - 7.921409)) + (((-8.231986) / ((-2.120324) * X1)) - ((((-1.254158) * X1) + (120.213234 * X2)) / (((-1.248745) * X1) - 1503.487427))))))",
    "complexity": 35,
    "mse_train": 0.0007719789520590103,
    "mse_test": 0.0006008346631653761,
    "r2_train": 0.9775495073775656,
    "r2_test": 0.9826658157264646,
    "seed": 45,
    "algorithm": "Operon",
    "dataset": "nikuradse_1",
    "scenario": "C1",
    "fold": 5,
    "population_size": 500,
    "pool_size": 500,
    "generations": 400,
    "max_evaluations": 200000,
    "operators": "add,sub,mul,div,constant,variable"
  },
  {
    "model_id": 53,
    "expression": "((-0.003338) + (1.005630 * ((((((85.251831 - (42.183922 * X2)) - (0.819776 * X1)) + (-37.022686)) / (((-0.977195) * X1) + (-64.547371))) * (((-58.250343) / ((-10.204313) * X1)) + 2.105339)) / (1.414445 * X2))))",
    "complexity": 33,
    "mse_train": 0.0008772879736981576,
    "mse_test": 0.0005542772855959992,
    "r2_train": 0.9744869375923667,
    "r2_test": 0.9840090041467672,
    "seed": 45,
    "algorithm": "Operon",
    "dataset": "nikuradse_1",
    "scenario": "C1",
    "fold": 5,
    "population_size": 500,
    "pool_size": 500,
    "generations": 400,
    "max_evaluations": 200000,
    "operators": "add,sub,mul,div,constant,variable"
  },
  {
    "model_id": 54,
    "expression": "((-0.000007) + (1.000001 * (((12.580384 * 0.309976) + ((((1.874108 * X1) * 0.026493) - ((-223.491577) / (-59.821575))) / (((1.132951 * X2) - 13.624081) - (0.202323 * X1)))) + (-3.399931))))",
    "complexity": 29,
    "mse_train": 0.0012298918452813023,
    "mse_test": 0.000712742064540792,
    "r2_train": 0.9642326028122469,
    "r2_test": 0.9794372677815202,
    "seed": 45,
    "algorithm": "Operon",
    "dataset": "nikuradse_1",
    "scenario": "C1",
    "fold": 5,
    "population_size": 500,
    "pool_size": 500,
    "generations": 400,
    "max_evaluations": 200000,
    "operators": "add,sub,mul,div,constant,variable"
  },
  {
    "model_id": 55,
    "expression": "(0.000072 + (0.999879 * (((89.798294 + (0.185069 * X1)) + ((292.676178 + (1.749577 * X1)) + (-95.031876))) / ((((7.601981 * X1) - (3.971262 * X2)) + ((-9.152235) * X2)) - ((-192.441681) - 168.864822)))))",
    "complexity": 33,
    "mse_train": 0.0012418687570032853,
    "mse_test": 0.0007195856538487327,
    "r2_train": 0.9638842933569998,
    "r2_test": 0.9792398290426644,
    "seed": 45,
    "algorithm": "Operon",
    "dataset": "nikuradse_1",
    "scenario": "C1",
    "fold": 5,
    "population_size": 500,
    "pool_size": 500,
    "generations": 400,
    "max_evaluations": 200000,
    "operators": "add,sub,mul,div,constant,variable"
  },
  {
    "model_id": 56,
    "expression": "(0.000119 + (0.999776 * ((0.325020 + ((-0.000105) * X1)) - (((((-196415104.000000) * X2) / ((-16278063.000000) * X1)) / (((-398229.687500) / (5101.336426 * X1)) + ((1.644221 * X2) + (0.251497 * X1)))) + ((-30.367144) / (1.937898 * X1))))))",
    "complexity": 37,
    "mse_train": 0.0012760057890228375,
    "mse_test": 0.0007211186394287739,
    "r2_train": 0.9628915290031755,
    "r2_test": 0.9791956021427164,
    "seed": 45,
    "algorithm": "Operon",
    "dataset": "nikuradse_1",
    "scenario": "C1",
    "fold": 5,
    "population_size": 500,
    "pool_size": 500,
    "generations": 400,
    "max_evaluations": 200000,
    "operators": "add,sub,mul,div,constant,variable"
  },
  {
    "model_id": 57,
    "expression": "((-0.000000) + (1.000000 * ((1.477808 - 0.497116) - ((((6.732399 * X1) * 12.886709) - ((-15.598881) / (18.514360 * X1))) / (((97.670807 * X2) - ((-12.940311) * X1)) * (5.007226 + 4.253481))))))",
    "complexity": 31,
    "mse_train": 0.0014330731645114244,
    "mse_test": 0.000877262841379705,
    "r2_train": 0.9583237361310687,
    "r2_test": 0.9746908148263485,
    "seed": 45,
    "algorithm": "Operon",
    "dataset": "nikuradse_1",
    "scenario": "C1",
    "fold": 5,
    "population_size": 500,
    "pool_size": 500,
    "generations": 400,
    "max_evaluations": 200000,
    "operators": "add,sub,mul,div,constant,variable"
  },
  {
    "model_id": 58,
    "expression": "((-0.000000) + (1.000000 * (((20735.093750 / (3255.871338 * X1)) + ((0.667320 - ((-201.433533) / (-50.893028))) / (((-2.133035) * (1.625527 * X2)) * (((-1.931066) * X1) / ((-0.607417) * X1))))) + 0.297808)))",
    "complexity": 31,
    "mse_train": 0.003922355912811192,
    "mse_test": 0.004387991480307717,
    "r2_train": 0.885931057772676,
    "r2_test": 0.8734056845028904,
    "seed": 45,
    "algorithm": "Operon",
    "dataset": "nikuradse_1",
    "scenario": "C1",
    "fold": 5,
    "population_size": 500,
    "pool_size": 500,
    "generations": 400,
    "max_evaluations": 200000,
    "operators": "add,sub,mul,div,constant,variable"
  },
  {
    "model_id": 59,
    "expression": "(0.003750 + (0.992001 * (((0.672838 / (0.104780 * X1)) + ((0.667320 - ((-201.433533) / (-51.550365))) / (((-2.133035) * (1.625527 * X2)) * (((-1.931066) * X1) / ((-0.607417) * X1))))) + 0.297808)))",
    "complexity": 31,
    "mse_train": 0.003922388831637366,
    "mse_test": 0.0043847906219951546,
    "r2_train": 0.8859301004358701,
    "r2_test": 0.8734980298205375,
    "seed": 45,
    "algorithm": "Operon",
    "dataset": "nikuradse_1",
    "scenario": "C1",
    "fold": 5,
    "population_size": 500,
    "pool_size": 500,
    "generations": 400,
    "max_evaluations": 200000,
    "operators": "add,sub,mul,div,constant,variable"
  },
  {
    "model_id": 60,
    "expression": "((-0.002032) + (1.000201 * (((12.785688 * 0.192627) + ((((1.875864 * X1) * (-0.736959)) - ((-18.948629) / (-2.329510))) / ((((-0.235773) * X2) - 40.082767) * (0.030869 * X1)))) + (-3.188442))))",
    "complexity": 29,
    "mse_train": 0.003971890362740451,
    "mse_test": 0.004368495139800224,
    "r2_train": 0.884490509685546,
    "r2_test": 0.8739681573090298,
    "seed": 45,
    "algorithm": "Operon",
    "dataset": "nikuradse_1",
    "scenario": "C1",
    "fold": 5,
    "population_size": 500,
    "pool_size": 500,
    "generations": 400,
    "max_evaluations": 200000,
    "operators": "add,sub,mul,div,constant,variable"
  },
  {
    "model_id": 61,
    "expression": "((-0.000008) + (1.000015 * ((((-36.888538) / ((-5.752994) * X1)) + ((((3.364978 * X1) * (-3.306724)) - ((6437.642578 * X2) + ((-6353.393555) * X2))) / ((((-4.693501) * X2) - (45.804024 * X1)) * 907.979248))) + 0.356796)))",
    "complexity": 35,
    "mse_train": 0.003981408722139178,
    "mse_test": 0.004304225543541923,
    "r2_train": 0.8842136992143682,
    "r2_test": 0.8758223463114717,
    "seed": 45,
    "algorithm": "Operon",
    "dataset": "nikuradse_1",
    "scenario": "C1",
    "fold": 5,
    "population_size": 500,
    "pool_size": 500,
    "generations": 400,
    "max_evaluations": 200000,
    "operators": "add,sub,mul,div,constant,variable"
  },
  {
    "model_id": 62,
    "expression": "(0.357069 + (1.005630 * (((((-44193376.000000) * X2) / ((-40089280.000000) * X1)) / ((((-23.684492) * X2) * (121.711716 * X2)) - ((((-2364.840088) * X1) / (356.076874 * X2)) * ((0.033322 * X1) - 87.682915)))) + (14.464818 / (2.265269 * X1)))))",
    "complexity": 39,
    "mse_train": 0.003982423511701895,
    "mse_test": 0.004305611481482369,
    "r2_train": 0.8841841873662403,
    "r2_test": 0.8757823617614379,
    "seed": 45,
    "algorithm": "Operon",
    "dataset": "nikuradse_1",
    "scenario": "C1",
    "fold": 5,
    "population_size": 500,
    "pool_size": 500,
    "generations": 400,
    "max_evaluations": 200000,
    "operators": "add,sub,mul,div,constant,variable"
  },
  {
    "model_id": 63,
    "expression": "((-113.020760) + (213.975250 * ((11045.096680 / (((2348635652096.000000 / (5081644138496.000000 * X1)) + ((778639431455211520.000000 / (3111432364018892800.000000 * X1)) + ((1076523.500000 + (12565.734375 * X1)) + 1067038.125000))) + 1060709.500000)) + 0.528245)))",
    "complexity": 29,
    "mse_train": 0.004673176355202439,
    "mse_test": 0.0038754470537729914,
    "r2_train": 0.864095891467016,
    "r2_test": 0.8881926801318044,
    "seed": 45,
    "algorithm": "Operon",
    "dataset": "nikuradse_1",
    "scenario": "C1",
    "fold": 5,
    "population_size": 500,
    "pool_size": 500,
    "generations": 400,
    "max_evaluations": 200000,
    "operators": "add,sub,mul,div,constant,variable"
  },
  {
    "model_id": 64,
    "expression": "(0.071082 + (0.879927 * (((((-5701656641536.000000) * X2) / ((-16516438016.000000) * X1)) / (((-0.170186) * X1) - 270.344788)) + ((390.888947 / (32.480961 * X1)) - (((75.487144 * X1) + ((-2589.427490) * X2)) / (((-211.172806) * X1) - (-32946.914062)))))))",
    "complexity": 37,
    "mse_train": 0.004695747840318191,
    "mse_test": 0.003677540590136219,
    "r2_train": 0.863439473362977,
    "r2_test": 0.893902315943311,
    "seed": 45,
    "algorithm": "Operon",
    "dataset": "nikuradse_1",
    "scenario": "C1",
    "fold": 5,
    "population_size": 500,
    "pool_size": 500,
    "generations": 400,
    "max_evaluations": 200000,
    "operators": "add,sub,mul,div,constant,variable"
  },
  {
    "model_id": 65,
    "expression": "(0.085249 + (0.857241 * (((59.452305 + ((-9.167890) * X2)) / (3.074762 * X1)) + ((((2.363600 * X2) * ((-2.274304) * X2)) / (1175.264404 - ((-2.355445) * X1))) * (3.279463 - (5.096549 - (-2.434245)))))))",
    "complexity": 33,
    "mse_train": 0.004775351929008288,
    "mse_test": 0.0033491319379350083,
    "r2_train": 0.861124447802907,
    "r2_test": 0.9033769625362494,
    "seed": 45,
    "algorithm": "Operon",
    "dataset": "nikuradse_1",
    "scenario": "C1",
    "fold": 5,
    "population_size": 500,
    "pool_size": 500,
    "generations": 400,
    "max_evaluations": 200000,
    "operators": "add,sub,mul,div,constant,variable"
  },
  {
    "model_id": 66,
    "expression": "(0.060285 + (0.895550 * ((((((-317.263214) * X1) / (74.818275 * X2)) * (-0.010645)) + ((363.844269 / 25.674509) * ((((-0.001147) * X1) - (4.015206 * X2)) + (4.024638 * X2)))) - (((-0.000415) * X2) * (3.047176 * X1)))))",
    "complexity": 37,
    "mse_train": 0.01255996786140666,
    "mse_test": 0.010754589373494015,
    "r2_train": 0.6347342566031926,
    "r2_test": 0.6897282307178756,
    "seed": 45,
    "algorithm": "Operon",
    "dataset": "nikuradse_1",
    "scenario": "C1",
    "fold": 5,
    "population_size": 500,
    "pool_size": 500,
    "generations": 400,
    "max_evaluations": 200000,
    "operators": "add,sub,mul,div,constant,variable"
  },
  {
    "model_id": 67,
    "expression": "((-0.002248) + (1.003780 * ((((-0.000518) * X1) + (0.061818 * X2)) - (((4.246060 * X1) - (((-7800.867676) + ((-374.170685) * X1)) / (-79.850327))) / ((((0.004677 * X1) + ((-0.905102) * X2)) * ((-1.690537) * X1)) + (((-1.275584) * X1) - (-129.841675)))))))",
    "complexity": 41,
    "mse_train": 0.0005662811774511854,
    "mse_test": 0.00037490740271786574,
    "r2_train": 0.9835315569644968,
    "r2_test": 0.9891838563874014,
    "seed": 45,
    "algorithm": "Operon",
    "dataset": "nikuradse_1",
    "scenario": "C1",
    "fold": 5,
    "population_size": 500,
    "pool_size": 500,
    "generations": 400,
    "max_evaluations": 200000,
    "operators": "add,sub,mul,div,constant,variable"
  },
  {
    "model_id": 68,
    "expression": "((-0.000000) + (1.000000 * ((((-21.092731) / ((-11.981368) * X2)) - 0.074218) + (((((-4.656952) * X2) * (1.507386 * X2)) / (308.975708 - ((-113.016304) * X1))) * ((((-10.353157) * X2) / ((-0.583957) * X1)) - (8.143600 - (-3.440809)))))))",
    "complexity": 37,
    "mse_train": 0.0006961886384845137,
    "mse_test": 0.0004689417490071831,
    "r2_train": 0.9797536217141262,
    "r2_test": 0.9864709491825588,
    "seed": 45,
    "algorithm": "Operon",
    "dataset": "nikuradse_1",
    "scenario": "C1",
    "fold": 5,
    "population_size": 500,
    "pool_size": 500,
    "generations": 400,
    "max_evaluations": 200000,
    "operators": "add,sub,mul,div,constant,variable"
  },
  {
    "model_id": 69,
    "expression": "((-0.000014) + (1.000015 * ((((-6.057722) / ((-1.773082) * X2)) - 0.502940) - (0.510801 / ((((-323.320618) + ((-1.314347) * X1)) / (-21.420681)) / ((18.423157 + ((-5.784302) * X2)) - (131.801483 / (1.118614 * X1))))))))",
    "complexity": 33,
    "mse_train": 0.0007156611870484293,
    "mse_test": 0.0007236125221062155,
    "r2_train": 0.9791873260829976,
    "r2_test": 0.9791236531947984,
    "seed": 45,
    "algorithm": "Operon",
    "dataset": "nikuradse_1",
    "scenario": "C1",
    "fold": 5,
    "population_size": 500,
    "pool_size": 500,
    "generations": 400,
    "max_evaluations": 200000,
    "operators": "add,sub,mul,div,constant,variable"
  },
  {
    "model_id": 70,
    "expression": "((-0.003356) + (1.005672 * ((((((117.417236 - ((1.213385 * X1) + (57.537987 * X2))) - ((-0.097103) * X1)) + (-51.684822)) / (((-1.090270) * X1) + (-72.201256))) * (((-154.507416) / ((-9.834909) * X1)) + 5.771729)) / (4.733977 * X2))))",
    "complexity": 37,
    "mse_train": 0.000877275704403358,
    "mse_test": 0.0005542625775570923,
    "r2_train": 0.9744872944048312,
    "r2_test": 0.9840094284762414,
    "seed": 45,
    "algorithm": "Operon",
    "dataset": "nikuradse_1",
    "scenario": "C1",
    "fold": 5,
    "population_size": 500,
    "pool_size": 500,
    "generations": 400,
    "max_evaluations": 200000,
    "operators": "add,sub,mul,div,constant,variable"
  },
  {
    "model_id": 71,
    "expression": "((-0.000000) + (1.000000 * ((((3.096116 * X2) * 0.011503) + ((((0.172211 * X1) * 0.822155) - (((-0.055566) * X2) * (1.435342 * X1))) / ((((-2.392790) * X2) - (0.320775 * X1)) * (1.556483 + 0.798790)))) + 0.800439)))",
    "complexity": 37,
    "mse_train": 0.0008783028566223542,
    "mse_test": 0.0005722366151737471,
    "r2_train": 0.9744574230291244,
    "r2_test": 0.9834908743726131,
    "seed": 45,
    "algorithm": "Operon",
    "dataset": "nikuradse_1",
    "scenario": "C1",
    "fold": 5,
    "population_size": 500,
    "pool_size": 500,
    "generations": 400,
    "max_evaluations": 200000,
    "operators": "add,sub,mul,div,constant,variable"
  },
  {
    "model_id": 72,
    "expression": "((-0.001337) + (1.002335 * ((((-544.251587) + (218.138916 * X2)) / ((18.002216 * X1) - (-2015.182861))) + (((-88.819633) + 89.195671) + (((-14.447018) / (((-1.648483) * X1) - 24.963758)) + (0.191878 - (0.064875 * X2)))))))",
    "complexity": 33,
    "mse_train": 0.0008949761714217725,
    "mse_test": 0.0005738742179530226,
    "r2_train": 0.9739725339918035,
    "r2_test": 0.9834436292483167,
    "seed": 45,
    "algorithm": "Operon",
    "dataset": "nikuradse_1",
    "scenario": "C1",
    "fold": 5,
    "population_size": 500,
    "pool_size": 500,
    "generations": 400,
    "max_evaluations": 200000,
    "operators": "add,sub,mul,div,constant,variable"
  },
  {
    "model_id": 73,
    "expression": "(0.055801 + (0.927816 * (((3012.357910 - (-3054.414062)) + ((((3.364978 * X1) * (-1.410130)) - ((6437.642578 * X2) + ((-6353.393555) * X2))) / ((((-8.506832) * X2) - (1.031209 * X1)) * (3.376054 + 3.532007)))) + (-6067.228516))))",
    "complexity": 35,
    "mse_train": 0.0014434275772466155,
    "mse_test": 0.0008666098411319396,
    "r2_train": 0.9580226117725599,
    "r2_test": 0.9749981557317282,
    "seed": 45,
    "algorithm": "Operon",
    "dataset": "nikuradse_1",
    "scenario": "C1",
    "fold": 5,
    "population_size": 500,
    "pool_size": 500,
    "generations": 400,
    "max_evaluations": 200000,
    "operators": "add,sub,mul,div,constant,variable"
  },
  {
    "model_id": 74,
    "expression": "((-0.016780) + (1.029449 * (((((-4420.848145) + ((-256.537231) * X1)) / (-25.679520)) / (27.519566 * X1)) - ((0.213457 / ((-19.740082) * X2)) * ((((-0.000390) * X1) - ((-582.930908) / ((-7.446558) * X1))) * ((-2.441936) / ((-1.836993) * X1)))))))",
    "complexity": 37,
    "mse_train": 0.003973332974476405,
    "mse_test": 0.004294219066132527,
    "r2_train": 0.8844485560234044,
    "r2_test": 0.8761110349207967,
    "seed": 45,
    "algorithm": "Operon",
    "dataset": "nikuradse_1",
    "scenario": "C1",
    "fold": 5,
    "population_size": 500,
    "pool_size": 500,
    "generations": 400,
    "max_evaluations": 200000,
    "operators": "add,sub,mul,div,constant,variable"
  },
  {
    "model_id": 75,
    "expression": "(0.357010 + (0.425511 * (((((3.179025 * 1.799279) + ((37.836525 + (4.455503 * X2)) / ((((-7.922661) * X2) - (0.049740 * X1)) * (29.967686 + 1.373402)))) + 1.315887) / (4.011929 * X1)) * 8.666682)))",
    "complexity": 33,
    "mse_train": 0.003979036226105904,
    "mse_test": 0.004300981380796725,
    "r2_train": 0.884282695531625,
    "r2_test": 0.8759159409695134,
    "seed": 45,
    "algorithm": "Operon",
    "dataset": "nikuradse_1",
    "scenario": "C1",
    "fold": 5,
    "population_size": 500,
    "pool_size": 500,
    "generations": 400,
    "max_evaluations": 200000,
    "operators": "add,sub,mul,div,constant,variable"
  },
  {
    "model_id": 76,
    "expression": "(0.357061 + (0.422837 * (((((3.179025 * 1.799279) + ((3.376054 + 3.532007) / ((((-7.922661) * X2) - (0.049740 * X1)) * (29.967686 + 1.373402)))) + 1.315887) / (4.011929 * X1)) * 8.666682)))",
    "complexity": 31,
    "mse_train": 0.003981849374458176,
    "mse_test": 0.0043048181533479,
    "r2_train": 0.8842008842773672,
    "r2_test": 0.875805249415755,
    "seed": 45,
    "algorithm": "Operon",
    "dataset": "nikuradse_1",
    "scenario": "C1",
    "fold": 5,
    "population_size": 500,
    "pool_size": 500,
    "generations": 400,
    "max_evaluations": 200000,
    "operators": "add,sub,mul,div,constant,variable"
  },
  {
    "model_id": 77,
    "expression": "(0.670705 + ((-0.058406) * ((((((-0.064947) * X1) / (598.494995 * X2)) * ((-192.441681) - 168.864822)) + ((1.792494 - 1.792494) * ((1480.383179 * (2951.694580 * X1)) + (38513828.000000 * X2)))) - (((-0.000429) * X2) * (3.047176 * X1)))))",
    "complexity": 37,
    "mse_train": 0.010191642487810465,
    "mse_test": 0.008482633093686898,
    "r2_train": 0.703609283811682,
    "r2_test": 0.7552745635611133,
    "seed": 45,
    "algorithm": "Operon",
    "dataset": "nikuradse_1",
    "scenario": "C1",
    "fold": 5,
    "population_size": 500,
    "pool_size": 500,
    "generations": 400,
    "max_evaluations": 200000,
    "operators": "add,sub,mul,div,constant,variable"
  },
  {
    "model_id": 78,
    "expression": "(0.323765 + (18264.601562 * (((0.822652 * X1) + (-653.176392)) / (((((46178.648438 + ((-14727.461914) * X2)) / (-13.448833)) * ((3645.107910 + (92.684975 * X1)) - ((-3410.964600) + (-3410.869629)))) / ((-0.126746) * X2)) - 973.691895))))",
    "complexity": 33,
    "mse_train": 0.011763934620498894,
    "mse_test": 0.011435004592140679,
    "r2_train": 0.6578842898450914,
    "r2_test": 0.6700981336119554,
    "seed": 45,
    "algorithm": "Operon",
    "dataset": "nikuradse_1",
    "scenario": "C1",
    "fold": 5,
    "population_size": 500,
    "pool_size": 500,
    "generations": 400,
    "max_evaluations": 200000,
    "operators": "add,sub,mul,div,constant,variable"
  },
  {
    "model_id": 79,
    "expression": "((-0.000069) + (1.000129 * (((((-0.017099) * X1) - (0.162139 * X2)) + ((857.690613 - ((-5.431201) * X1)) * ((((0.000000 * X1) - (-0.000360)) - ((-0.000232) * X2)) - (0.012980 / ((-2.760539) * X1))))) - ((11367.206055 / (5997.695801 * X2)) * ((-0.020055) * X1)))))",
    "complexity": 43,
    "mse_train": 0.00028403277740838466,
    "mse_test": 0.00030555944513251007,
    "r2_train": 0.991739832081265,
    "r2_test": 0.991184556995194,
    "seed": 45,
    "algorithm": "Operon",
    "dataset": "nikuradse_1",
    "scenario": "C1",
    "fold": 5,
    "population_size": 500,
    "pool_size": 500,
    "generations": 400,
    "max_evaluations": 200000,
    "operators": "add,sub,mul,div,constant,variable"
  },
  {
    "model_id": 80,
    "expression": "(0.000000 + (1.000000 * (((((-0.002439) * X1) - (0.162139 * X2)) + ((857.690613 - ((-5.431201) * X1)) * ((((0.000000 * X1) - (-0.000422)) - (0.000040 * X2)) - (0.012478 / ((-2.760539) * X1))))) - (((10.775625 * X2) / (2.467786 * X1)) * ((-0.051514) * X1)))))",
    "complexity": 45,
    "mse_train": 0.0007753397837034067,
    "mse_test": 0.0006059680481277915,
    "r2_train": 0.977451768539173,
    "r2_test": 0.9825177166796875,
    "seed": 45,
    "algorithm": "Operon",
    "dataset": "nikuradse_1",
    "scenario": "C1",
    "fold": 5,
    "population_size": 500,
    "pool_size": 500,
    "generations": 400,
    "max_evaluations": 200000,
    "operators": "add,sub,mul,div,constant,variable"
  },
  {
    "model_id": 81,
    "expression": "(0.000894 + (0.996145 * ((((194.940735 * X2) - 1048.587402) / ((10.224785 * X1) - 7144.591797)) + (((-5.180044) / ((-1.269446) * X1)) - ((((26.922907 * X2) + 144.934433) / ((-52.945866) + ((-0.101433) * X1))) / ((-4.182901) * (-2.492935)))))))",
    "complexity": 37,
    "mse_train": 0.0008745730930152135,
    "mse_test": 0.0006614647333831006,
    "r2_train": 0.9745658910516296,
    "r2_test": 0.9809166276817294,
    "seed": 45,
    "algorithm": "Operon",
    "dataset": "nikuradse_1",
    "scenario": "C1",
    "fold": 5,
    "population_size": 500,
    "pool_size": 500,
    "generations": 400,
    "max_evaluations": 200000,
    "operators": "add,sub,mul,div,constant,variable"
  },
  {
    "model_id": 82,
    "expression": "((-0.000000) + (1.000000 * ((((3.164451 * X2) * 0.011261) + ((((0.050989 * X1) * 0.751217) - (((-0.014947) * X2) * (1.444779 * X1))) / ((((-0.644890) * X2) - ((0.020322 * X1) - ((-0.066140) * X1))) * (1.561574 + 0.803881)))) + 0.800372)))",
    "complexity": 41,
    "mse_train": 0.0008783028788295566,
    "mse_test": 0.0005722980180737024,
    "r2_train": 0.9744574223833002,
    "r2_test": 0.9834891028882964,
    "seed": 45,
    "algorithm": "Operon",
    "dataset": "nikuradse_1",
    "scenario": "C1",
    "fold": 5,
    "population_size": 500,
    "pool_size": 500,
    "generations": 400,
    "max_evaluations": 200000,
    "operators": "add,sub,mul,div,constant,variable"
  },
  {
    "model_id": 83,
    "expression": "((-0.000494) + (1.000655 * (((0.518333 + (4.892241 * X2)) + ((((-10.391967) + (0.056725 * X2)) - (-10.391829)) * (((((-1.095282) * X1) * 1.790464) + (-86.480629)) - (142.330444 / ((-8.414595) * X1))))) - (((-0.056843) * X2) * (1.954844 * X1)))))",
    "complexity": 39,
    "mse_train": 0.0012353368062083953,
    "mse_test": 0.0010717674853950297,
    "r2_train": 0.9640742538640054,
    "r2_test": 0.969079322101116,
    "seed": 45,
    "algorithm": "Operon",
    "dataset": "nikuradse_1",
    "scenario": "C1",
    "fold": 5,
    "population_size": 500,
    "pool_size": 500,
    "generations": 400,
    "max_evaluations": 200000,
    "operators": "add,sub,mul,div,constant,variable"
  },
  {
    "model_id": 84,
    "expression": "((-0.000686) + (1.000890 * (((((-0.011834) * X1) - ((-4.996834) * X2)) + ((((-10.391967) + (0.057943 * X2)) - (-10.385797)) * (((((-1.095282) * X1) * 1.790464) + (-86.480629)) - (142.330444 / ((-8.414595) * X1))))) - (((-0.058065) * X2) * (1.954844 * X1)))))",
    "complexity": 41,
    "mse_train": 0.0012384344993677454,
    "mse_test": 0.0010778141796427892,
    "r2_train": 0.9639841675511143,
    "r2_test": 0.9689048739230028,
    "seed": 45,
    "algorithm": "Operon",
    "dataset": "nikuradse_1",
    "scenario": "C1",
    "fold": 5,
    "population_size": 500,
    "pool_size": 500,
    "generations": 400,
    "max_evaluations": 200000,
    "operators": "add,sub,mul,div,constant,variable"
  },
  {
    "model_id": 85,
    "expression": "((-0.000056) + (1.000147 * (((((0.099034 * X1) - 532.191284) + ((-0.099174) * X1)) + ((((3.550809 * X1) * (-3.486693)) - ((6437.642578 * X2) + ((-6353.393555) * X2))) / ((((-4.693501) * X2) - (0.949100 * X1)) * (3.376054 + 3.532007)))) + 530.638428)))",
    "complexity": 41,
    "mse_train": 0.0013732433296832324,
    "mse_test": 0.0008644555001530228,
    "r2_train": 0.9600636919444094,
    "r2_test": 0.9750603088427352,
    "seed": 45,
    "algorithm": "Operon",
    "dataset": "nikuradse_1",
    "scenario": "C1",
    "fold": 5,
    "population_size": 500,
    "pool_size": 500,
    "generations": 400,
    "max_evaluations": 200000,
    "operators": "add,sub,mul,div,constant,variable"
  },
  {
    "model_id": 86,
    "expression": "(0.000000 + (0.999992 * (((((0.029520 * X1) + 0.761636) + ((-0.029660) * X1)) + ((((3.551600 * X1) * (-3.483064)) - ((6437.642578 * X2) + ((-6353.393555) * X2))) / ((((-4.693501) * X2) - (0.948356 * X1)) * (3.376054 + 3.532007)))) + (-2.314525))))",
    "complexity": 41,
    "mse_train": 0.0013734801605666156,
    "mse_test": 0.000864354521583253,
    "r2_train": 0.9600568044897891,
    "r2_test": 0.9750632220919923,
    "seed": 45,
    "algorithm": "Operon",
    "dataset": "nikuradse_1",
    "scenario": "C1",
    "fold": 5,
    "population_size": 500,
    "pool_size": 500,
    "generations": 400,
    "max_evaluations": 200000,
    "operators": "add,sub,mul,div,constant,variable"
  },
  {
    "model_id": 87,
    "expression": "(0.008412 + (0.985831 * ((((0.001590 * X1) - ((-0.090945) * X2)) + ((((2.031895 * X2) - (-60.082409)) * (((-2.420647) / ((-1.853131) * X1)) * ((-0.000091) + (0.000002 * X2)))) * ((-625225.437500) / (188.382980 * X2)))) - ((0.000195 * X2) * (1.954841 * X1)))))",
    "complexity": 43,
    "mse_train": 0.0014618585410497685,
    "mse_test": 0.0013529257085129552,
    "r2_train": 0.9574866072405925,
    "r2_test": 0.9609678585848966,
    "seed": 45,
    "algorithm": "Operon",
    "dataset": "nikuradse_1",
    "scenario": "C1",
    "fold": 5,
    "population_size": 500,
    "pool_size": 500,
    "generations": 400,
    "max_evaluations": 200000,
    "operators": "add,sub,mul,div,constant,variable"
  },
  {
    "model_id": 88,
    "expression": "(0.333570 + (0.513799 * (((((-62340632.000000) * X2) / ((-27679072.000000) * X1)) / (((((-14.467099) * X2) / ((-1.041712) * X1)) - ((-0.754061) - (-1.502810))) / ((106.467033 / (4.163451 * X1)) + ((-182.723175) / ((-28.713144) * X1))))) + (14.147486 / (2.291799 * X1)))))",
    "complexity": 41,
    "mse_train": 0.0032762395359776193,
    "mse_test": 0.0026765159748686524,
    "r2_train": 0.9047212474697486,
    "r2_test": 0.9227820497655536,
    "seed": 45,
    "algorithm": "Operon",
    "dataset": "nikuradse_1",
    "scenario": "C1",
    "fold": 5,
    "population_size": 500,
    "pool_size": 500,
    "generations": 400,
    "max_evaluations": 200000,
    "operators": "add,sub,mul,div,constant,variable"
  },
  {
    "model_id": 89,
    "expression": "(0.527433 + (0.006111 * (((((138.040237 + (9.095001 * X1)) / ((((-21.702991) * X1) * (21.586718 * X1)) * (((-31483.625000) + ((-1754.590210) * X1)) + (-15187.583008)))) + ((-0.865606) / (-1.912806))) + ((8994023424.000000 * X2) / (42114964.000000 * X1))) + (-28.107529))))",
    "complexity": 39,
    "mse_train": 0.004267968236229803,
    "mse_test": 0.004633731698545112,
    "r2_train": 0.8758800493916356,
    "r2_test": 0.866316036572286,
    "seed": 45,
    "algorithm": "Operon",
    "dataset": "nikuradse_1",
    "scenario": "C1",
    "fold": 5,
    "population_size": 500,
    "pool_size": 500,
    "generations": 400,
    "max_evaluations": 200000,
    "operators": "add,sub,mul,div,constant,variable"
  },
  {
    "model_id": 90,
    "expression": "(0.068606 + (0.882032 * (((((342.255310 * X2) * ((-396.498627) * X2)) / (362782.687500 - ((-44491.886719) * X1))) / (12011.365234 * X1)) - ((3.981389 / (234.445053 * X2)) * (((56.842106 * X1) - (89272.437500 / ((-8.860849) * X1))) * ((-45.939911) / (21.817196 * X1)))))))",
    "complexity": 43,
    "mse_train": 0.010869133033762197,
    "mse_test": 0.013353013826585224,
    "r2_train": 0.6839066786265399,
    "r2_test": 0.6147632344351195,
    "seed": 45,
    "algorithm": "Operon",
    "dataset": "nikuradse_1",
    "scenario": "C1",
    "fold": 5,
    "population_size": 500,
    "pool_size": 500,
    "generations": 400,
    "max_evaluations": 200000,
    "operators": "add,sub,mul,div,constant,variable"
  },
  {
    "model_id": 91,
    "expression": "(0.080033 + (0.861461 * (((((-107349066907648.000000) / ((-428500028751872.000000) * X1)) + ((17014.966797 + ((-28.787027) * X1)) + 7529.099121)) / (7733.044434 * X2)) + (((((-0.002442) * X2) * (0.048935 * X1)) / ((-2805.457764) - (301.158539 * X1))) * (((-1298470.250000) * X2) / (55731804.000000 * X1))))))",
    "complexity": 43,
    "mse_train": 0.013821678776475754,
    "mse_test": 0.011592224137456338,
    "r2_train": 0.5980415054409325,
    "r2_test": 0.6655623224529494,
    "seed": 45,
    "algorithm": "Operon",
    "dataset": "nikuradse_1",
    "scenario": "C1",
    "fold": 5,
    "population_size": 500,
    "pool_size": 500,
    "generations": 400,
    "max_evaluations": 200000,
    "operators": "add,sub,mul,div,constant,variable"
  },
  {
    "model_id": 92,
    "expression": "(0.101540 + (0.825398 * (((((-0.012400) * X1) - (2.111440 * X2)) + ((((0.009049 * X2) - (-73.676460)) * ((2.521495 / ((-1.739911) * X1)) * ((1.103726 * X1) * (-144.384155)))) - (((-4962.294922) * X1) - (-17014.953125)))) - ((4962.283203 * X1) - 0.371177))))",
    "complexity": 41,
    "mse_train": 0.013878246658409112,
    "mse_test": 0.014228096300728226,
    "r2_train": 0.5963964128997119,
    "r2_test": 0.5895169532345275,
    "seed": 45,
    "algorithm": "Operon",
    "dataset": "nikuradse_1",
    "scenario": "C1",
    "fold": 5,
    "population_size": 500,
    "pool_size": 500,
    "generations": 400,
    "max_evaluations": 200000,
    "operators": "add,sub,mul,div,constant,variable"
  },
  {
    "model_id": 93,
    "expression": "((-0.000000) + (1.000001 * ((((((-317.263214) * X1) / (74.818275 * X2)) * (-0.001470)) + ((363.844269 / 25.674509) * (((((-0.000091) * X1) - 0.358896) - ((-0.002341) * X2)) - ((0.482810 / (((-0.292931) * X1) - 9.604224)) + (-0.379071))))) - 0.166687)))",
    "complexity": 39,
    "mse_train": 0.0006677492762270322,
    "mse_test": 0.0005550702789453497,
    "r2_train": 0.9805806879065986,
    "r2_test": 0.9839861261510588,
    "seed": 45,
    "algorithm": "Operon",
    "dataset": "nikuradse_1",
    "scenario": "C1",
    "fold": 5,
    "population_size": 500,
    "pool_size": 500,
    "generations": 400,
    "max_evaluations": 200000,
    "operators": "add,sub,mul,div,constant,variable"
  },
  {
    "model_id": 94,
    "expression": "((-0.001734) + (1.003503 * ((((((((((-39.405182) * X2) + (123.219963 * X2)) + ((-85.476517) * X2)) / ((77.355530 * X1) - 1164.266479)) - 1.137329) + ((2.384326 * X1) / (((-14.721342) * X2) - (-45.046604)))) + (-3.170996)) / (1.534913 * X1)) * (((-1.845984) * X2) - (-4.068717)))))",
    "complexity": 45,
    "mse_train": 0.0006760008901406343,
    "mse_test": 0.0004643995668605577,
    "r2_train": 0.9803407166006499,
    "r2_test": 0.9866019919255304,
    "seed": 45,
    "algorithm": "Operon",
    "dataset": "nikuradse_1",
    "scenario": "C1",
    "fold": 5,
    "population_size": 500,
    "pool_size": 500,
    "generations": 400,
    "max_evaluations": 200000,
    "operators": "add,sub,mul,div,constant,variable"
  },
  {
    "model_id": 95,
    "expression": "((-0.000002) + (1.000001 * (((354923.343750 - ((-233580.906250) * X2)) / (((-13076044.000000) * 11016062.000000) * (62538208.000000 + (13106715.000000 * X2)))) + ((((-2.746206) / ((-1.963206) * X2)) - 0.014825) - ((((-0.052438) * X1) + (53.977764 * X2)) / (((-10.248936) * X1) - 379.034576))))))",
    "complexity": 41,
    "mse_train": 0.0009125327823539512,
    "mse_test": 0.0006279962053562234,
    "r2_train": 0.9734619571643439,
    "r2_test": 0.9818822005218939,
    "seed": 45,
    "algorithm": "Operon",
    "dataset": "nikuradse_1",
    "scenario": "C1",
    "fold": 5,
    "population_size": 500,
    "pool_size": 500,
    "generations": 400,
    "max_evaluations": 200000,
    "operators": "add,sub,mul,div,constant,variable"
  },
  {
    "model_id": 96,
    "expression": "(0.000222 + (0.999582 * (((((((-3.995923) * (-6.037803)) * (((-61.347801) * X2) + (43.443752 * X2))) / ((((-5282.415039) * X2) - (-15235.977539)) - ((5201.202148 * X2) - 15219.071289))) + ((-0.000339) * X1)) + ((((-17.263390) * X2) - (-17.805225)) / ((-14.040001) * X1))) + 0.353780)))",
    "complexity": 43,
    "mse_train": 0.0013541767271486576,
    "mse_test": 0.001155185400128464,
    "r2_train": 0.9606181819578945,
    "r2_test": 0.966672700788548,
    "seed": 45,
    "algorithm": "Operon",
    "dataset": "nikuradse_1",
    "scenario": "C1",
    "fold": 5,
    "population_size": 500,
    "pool_size": 500,
    "generations": 400,
    "max_evaluations": 200000,
    "operators": "add,sub,mul,div,constant,variable"
  },
  {
    "model_id": 97,
    "expression": "(0.002972 + (0.994992 * ((((-11.793015) + (((3833.573242 - (-3828.557617)) - (6.133409 * (-7142.123535))) / ((((-1.432994) * X2) * ((-0.096968) * X1)) + ((6.419379 * X1) - (-4422.087402))))) / ((-1.782025) * X1)) / (((-0.902150) + 1.005751) / 4.985450))))",
    "complexity": 37,
    "mse_train": 0.0014205571586279955,
    "mse_test": 0.0009590505749502955,
    "r2_train": 0.9586877233835693,
    "r2_test": 0.9723312245231552,
    "seed": 45,
    "algorithm": "Operon",
    "dataset": "nikuradse_1",
    "scenario": "C1",
    "fold": 5,
    "population_size": 500,
    "pool_size": 500,
    "generations": 400,
    "max_evaluations": 200000,
    "operators": "add,sub,mul,div,constant,variable"
  },
  {
    "model_id": 98,
    "expression": "(0.041999 + (0.929209 * ((((1283257472.000000 / ((-5127874048.000000) * X1)) + ((15773.839844 + ((-18.707182) * X1)) + 6287.972656)) / (8576.109375 * X2)) + ((((5.260373 * X2) * ((-0.002244) * 28.947639)) / ((-2802.944336) - ((-178.210022) * X1))) * ((1623793280.000000 * X2) / (28104910.000000 * X1))))))",
    "complexity": 43,
    "mse_train": 0.0038871637940878713,
    "mse_test": 0.003458056028517794,
    "r2_train": 0.8869545058856827,
    "r2_test": 0.900234483625259,
    "seed": 45,
    "algorithm": "Operon",
    "dataset": "nikuradse_1",
    "scenario": "C1",
    "fold": 5,
    "population_size": 500,
    "pool_size": 500,
    "generations": 400,
    "max_evaluations": 200000,
    "operators": "add,sub,mul,div,constant,variable"
  },
  {
    "model_id": 99,
    "expression": "((-0.000011) + (1.000032 * ((((-3.162748) / (0.374619 * X1)) + (((-3.978479) - (((-217.272873) * X2) / (((1.014032 * X1) * ((-1.054363) * X1)) * (0.928652 / (0.901997 * X1))))) / (((-2.394535) * (1.434640 * X2)) * (((-1.577788) * X1) / ((-0.406703) * X1))))) + 0.297808)))",
    "complexity": 45,
    "mse_train": 0.003922356543496986,
    "mse_test": 0.0043879977765823325,
    "r2_train": 0.8859310394312344,
    "r2_test": 0.8734055028542753,
    "seed": 45,
    "algorithm": "Operon",
    "dataset": "nikuradse_1",
    "scenario": "C1",
    "fold": 5,
    "population_size": 500,
    "pool_size": 500,
    "generations": 400,
    "max_evaluations": 200000,
    "operators": "add,sub,mul,div,constant,variable"
  },
  {
    "model_id": 100,
    "expression": "(0.362159 + ((-0.806460) * (((((-44193376.000000) * X2) / ((-40089280.000000) * X1)) * (((0.000368 * X2) * (121.711716 * X2)) - (((((65.893654 * X2) / (3.428964 * X1)) / (0.177873 - (-1.973194))) / ((1.199564 * X1) + 685.863220)) - (-2.342988)))) + (14.464818 / ((-12.936970) * X1)))))",
    "complexity": 45,
    "mse_train": 0.004727492633205145,
    "mse_test": 0.005381275033750716,
    "r2_train": 0.862516279490128,
    "r2_test": 0.8447492816573143,
    "seed": 45,
    "algorithm": "Operon",
    "dataset": "nikuradse_1",
    "scenario": "C1",
    "fold": 5,
    "population_size": 500,
    "pool_size": 500,
    "generations": 400,
    "max_evaluations": 200000,
    "operators": "add,sub,mul,div,constant,variable"
  },
  {
    "model_id": 101,
    "expression": "(0.015356 + (0.971062 * ((((((-3.685406) * X1) + 237.077820) - (((((-41.124710) * X2) + (16.361454 * X2)) - (((-2301075456.000000) * X2) / (7037247.000000 * X1))) + ((2.730342 + (0.164741 * X1)) + (-195.778503)))) / 4419.340820) + ((0.674183 + ((-7.479661) * X2)) - ((-7.456740) * X2)))))",
    "complexity": 45,
    "mse_train": 0.01129764432347657,
    "mse_test": 0.009453184313783631,
    "r2_train": 0.6714448239053674,
    "r2_test": 0.7272739924765008,
    "seed": 45,
    "algorithm": "Operon",
    "dataset": "nikuradse_1",
    "scenario": "C1",
    "fold": 5,
    "population_size": 500,
    "pool_size": 500,
    "generations": 400,
    "max_evaluations": 200000,
    "operators": "add,sub,mul,div,constant,variable"
  },
  {
    "model_id": 102,
    "expression": "(0.000002 + (0.999998 * ((((((-317.263214) * X1) / (74.818275 * X2)) * (-0.009246)) + ((1.792494 - (-1.569255)) * (((((-0.004316) * X1) - 0.371177) - ((-0.010861) * X2)) - ((2.060387 / (((-0.316935) * X1) - 9.604224)) + (-0.403656))))) - (((-0.000429) * X2) * (3.047176 * X1)))))",
    "complexity": 45,
    "mse_train": 0.00029926640226482997,
    "mse_test": 0.0003086919231724548,
    "r2_train": 0.9912968117352564,
    "r2_test": 0.9910941844602755,
    "seed": 45,
    "algorithm": "Operon",
    "dataset": "nikuradse_1",
    "scenario": "C1",
    "fold": 5,
    "population_size": 500,
    "pool_size": 500,
    "generations": 400,
    "max_evaluations": 200000,
    "operators": "add,sub,mul,div,constant,variable"
  },
  {
    "model_id": 103,
    "expression": "((-0.006766) + (0.993078 * ((((((-317.263214) * X1) / (74.818275 * X2)) * (-0.009249)) + ((363.844269 / 25.674509) * (((((-0.001024) * X1) - 0.371177) - ((-0.002576) * X2)) - ((0.476433 / (((-0.279827) * X1) - 9.604224)) + (-0.379063))))) - (((-0.000429) * X2) * (3.047176 * X1)))))",
    "complexity": 45,
    "mse_train": 0.0003148043274560543,
    "mse_test": 0.0003109731995705156,
    "r2_train": 0.990844941805457,
    "r2_test": 0.9910283692404036,
    "seed": 45,
    "algorithm": "Operon",
    "dataset": "nikuradse_1",
    "scenario": "C1",
    "fold": 5,
    "population_size": 500,
    "pool_size": 500,
    "generations": 400,
    "max_evaluations": 200000,
    "operators": "add,sub,mul,div,constant,variable"
  },
  {
    "model_id": 104,
    "expression": "((-0.000000) + (1.000001 * (((4.916146 - (-2.253844)) - ((6.071664 + (0.001638 * X1)) + ((-0.564329) / (-5.517284)))) - ((((((-1.302665) * X1) + (59.292408 * X2)) - (-237.557724)) / (((10.317307 * X2) - (-14.742702)) - (((-532.997925) * X2) / (1.241676 * X1)))) * 0.080943))))",
    "complexity": 43,
    "mse_train": 0.0007612924329358723,
    "mse_test": 0.0006161894589587966,
    "r2_train": 0.9778602899683262,
    "r2_test": 0.9822228272038593,
    "seed": 45,
    "algorithm": "Operon",
    "dataset": "nikuradse_1",
    "scenario": "C1",
    "fold": 5,
    "population_size": 500,
    "pool_size": 500,
    "generations": 400,
    "max_evaluations": 200000,
    "operators": "add,sub,mul,div,constant,variable"
  },
  {
    "model_id": 105,
    "expression": "((-0.000000) + (1.000000 * (((4.917263 - (-2.254960)) - ((6.069521 + (0.001675 * X1)) + ((-0.568066) / (-5.330716)))) - ((((((-1.268668) * X1) + (54.360077 * X2)) - (-235.385773)) / (((12.066082 * X2) - (-19.730919)) - (((-3.000836) * X2) / (0.005790 * X1)))) * 0.102713))))",
    "complexity": 43,
    "mse_train": 0.0007615976360706977,
    "mse_test": 0.0006157340677084652,
    "r2_train": 0.9778514141295375,
    "r2_test": 0.9822359653204391,
    "seed": 45,
    "algorithm": "Operon",
    "dataset": "nikuradse_1",
    "scenario": "C1",
    "fold": 5,
    "population_size": 500,
    "pool_size": 500,
    "generations": 400,
    "max_evaluations": 200000,
    "operators": "add,sub,mul,div,constant,variable"
  },
  {
    "model_id": 106,
    "expression": "((-0.000003) + (1.000005 * ((((((((-17.266623) * X2) - ((-0.084881) * X1)) * ((-0.000855) * X1)) / (((-0.015439) * X1) + (-79.383110))) + ((-2.601291) / ((-1.245837) * X1))) + ((((97.434288 * X1) * (-2.587652)) - ((-163.628479) / 6.933348)) / (((-437.019348) * X1) + (242.582825 * X2)))) + (-0.055209))))",
    "complexity": 47,
    "mse_train": 0.0008796670778687489,
    "mse_test": 0.0007250705900011471,
    "r2_train": 0.9744177490989662,
    "r2_test": 0.9790815876830636,
    "seed": 45,
    "algorithm": "Operon",
    "dataset": "nikuradse_1",
    "scenario": "C1",
    "fold": 5,
    "population_size": 500,
    "pool_size": 500,
    "generations": 400,
    "max_evaluations": 200000,
    "operators": "add,sub,mul,div,constant,variable"
  },
  {
    "model_id": 107,
    "expression": "(0.000380 + (0.999359 * (((((-138.835327) + (((-60.491867) * X2) / (0.016181 * X2))) / ((0.060859 * X1) - (-2.412962))) + (-571.039978)) / (((((-2558775621844992.000000) + ((-1778876940288.000000) * X1)) / ((((-108667269545984.000000) * X1) - 3319717125160960.000000) - (283492336271360.000000 * X2))) + (27.101269 * X2)) - (4309.158203 - 1918.372803)))))",
    "complexity": 45,
    "mse_train": 0.001304139345524019,
    "mse_test": 0.0007690180717050272,
    "r2_train": 0.962073356174774,
    "r2_test": 0.9778136952112819,
    "seed": 45,
    "algorithm": "Operon",
    "dataset": "nikuradse_1",
    "scenario": "C1",
    "fold": 5,
    "population_size": 500,
    "pool_size": 500,
    "generations": 400,
    "max_evaluations": 200000,
    "operators": "add,sub,mul,div,constant,variable"
  },
  {
    "model_id": 108,
    "expression": "((-0.000469) + (0.999083 * (((((-0.012400) * X1) - (2.070840 * X2)) + (((((-1.079973) * X2) - (-73.676460)) * ((5.021412 / ((-3.480026) * X1)) * (((-160.047134) * X1) + ((-0.009785) * X2)))) - (((-4962.294922) * X2) - (-17014.953125)))) - (((4710.849121 * X2) + (0.657045 * X1)) - ((0.669095 * X1) - (-1.029834))))))",
    "complexity": 51,
    "mse_train": 0.001382147540585054,
    "mse_test": 0.0010400930141984176,
    "r2_train": 0.9598047419812962,
    "r2_test": 0.9699931360904692,
    "seed": 45,
    "algorithm": "Operon",
    "dataset": "nikuradse_1",
    "scenario": "C1",
    "fold": 5,
    "population_size": 500,
    "pool_size": 500,
    "generations": 400,
    "max_evaluations": 200000,
    "operators": "add,sub,mul,div,constant,variable"
  },
  {
    "model_id": 109,
    "expression": "(0.008220 + (0.986156 * ((((0.001584 * X1) - ((-0.091260) * X2)) + ((((5.079250 * X2) - (-59.798759)) * (((-1.332796) / ((-1.825524) * X1)) * ((-0.008702) + (0.001114 * X2)))) * (((-10.227880) - ((-0.720492) * X2)) * (0.547985 + (0.658195 * X2))))) - ((0.000170 * X2) * (2.245188 * X1)))))",
    "complexity": 49,
    "mse_train": 0.001435405223912667,
    "mse_test": 0.001286945688857419,
    "r2_train": 0.9582559157815074,
    "r2_test": 0.9628713935990969,
    "seed": 45,
    "algorithm": "Operon",
    "dataset": "nikuradse_1",
    "scenario": "C1",
    "fold": 5,
    "population_size": 500,
    "pool_size": 500,
    "generations": 400,
    "max_evaluations": 200000,
    "operators": "add,sub,mul,div,constant,variable"
  },
  {
    "model_id": 110,
    "expression": "((-0.000000) + (1.000001 * (((1.341377 + (((((-1.953388) - ((-0.281481) * X2)) + (10.843248 / (0.262557 * X1))) * (1.911418 + ((-0.464522) * X2))) * (((((-0.461507) * X2) - (-56.060318)) / ((-0.199803) * X1)) + (((-0.353785) * X1) + 23.044432)))) / (0.293719 * X1)) - ((-0.438095) + ((-0.000057) * X1)))))",
    "complexity": 49,
    "mse_train": 0.00019512556075290024,
    "mse_test": 0.00023579554204833998,
    "r2_train": 0.9943254088075234,
    "r2_test": 0.9931972577027915,
    "seed": 45,
    "algorithm": "Operon",
    "dataset": "nikuradse_1",
    "scenario": "C1",
    "fold": 5,
    "population_size": 500,
    "pool_size": 500,
    "generations": 400,
    "max_evaluations": 200000,
    "operators": "add,sub,mul,div,constant,variable"
  },
  {
    "model_id": 111,
    "expression": "((-0.000001) + (0.999998 * ((((((-0.064947) * X1) / (598.494995 * X2)) * ((-192.441681) - 168.864822)) + ((1.792494 - (-1.569255)) * (((((-0.004316) * X1) - 0.371177) - ((-0.010861) * X2)) - ((2.060375 / (((-0.316913) * X1) - 9.604224)) + (-0.403654))))) - (((-0.000429) * X2) * (3.047176 * X1)))))",
    "complexity": 47,
    "mse_train": 0.00029926628187901684,
    "mse_test": 0.0003086826511048366,
    "r2_train": 0.9912968152362855,
    "r2_test": 0.991094451961035,
    "seed": 45,
    "algorithm": "Operon",
    "dataset": "nikuradse_1",
    "scenario": "C1",
    "fold": 5,
    "population_size": 500,
    "pool_size": 500,
    "generations": 400,
    "max_evaluations": 200000,
    "operators": "add,sub,mul,div,constant,variable"
  },
  {
    "model_id": 112,
    "expression": "((-0.000076) + (1.000068 * (((((98.130981 * X2) * (1.514601 * X2)) + ((-1295.142212) - ((-50.524879) * X1))) / ((((63.699253 * X1) - (12.209746 * X2)) + (631.515564 * X2)) - (901.712524 - (-1172.176025)))) + ((0.192341 * (1.074567 * X2)) * (((4.875771 * X2) / ((-5.312629) * X1)) - ((-2.531575) / (-5.100638)))))))",
    "complexity": 51,
    "mse_train": 0.0007613456819271641,
    "mse_test": 0.0006019054835454735,
    "r2_train": 0.9778587413949059,
    "r2_test": 0.9826349223727179,
    "seed": 45,
    "algorithm": "Operon",
    "dataset": "nikuradse_1",
    "scenario": "C1",
    "fold": 5,
    "population_size": 500,
    "pool_size": 500,
    "generations": 400,
    "max_evaluations": 200000,
    "operators": "add,sub,mul,div,constant,variable"
  },
  {
    "model_id": 113,
    "expression": "((-0.000374) + (1.000771 * (((((98.130981 * X2) * (1.408571 * X2)) + ((-1278.336182) - ((-44.978489) * X1))) / ((((56.103943 * X1) - (10.226673 * X2)) + (619.358521 * X2)) - (901.712524 - (-1172.176025)))) + ((0.166687 * (1.074567 * X2)) * (((4.875771 * X2) / ((-5.312629) * X1)) - (2.282053 - 1.699200))))))",
    "complexity": 51,
    "mse_train": 0.0007615757964977301,
    "mse_test": 0.0006083481061608708,
    "r2_train": 0.9778520492623614,
    "r2_test": 0.9824490515925073,
    "seed": 45,
    "algorithm": "Operon",
    "dataset": "nikuradse_1",
    "scenario": "C1",
    "fold": 5,
    "population_size": 500,
    "pool_size": 500,
    "generations": 400,
    "max_evaluations": 200000,
    "operators": "add,sub,mul,div,constant,variable"
  },
  {
    "model_id": 114,
    "expression": "(0.000017 + (0.999979 * (((((((-70.523796) * X2) + ((-15.977110) * X2)) - ((2124640256.000000 * X2) / (25227552.000000 * X1))) + ((343.744690 + (2.536801 * X1)) + (-98.204529))) / (((((-10.433885) * X1) - ((-154.567139) * X2)) + ((-256.637878) * X2)) - ((-4.766069) * (1.078658 * X2)))) + ((0.870595 + ((-7.480662) * X2)) - ((-7.407126) * X2)))))",
    "complexity": 55,
    "mse_train": 0.000879125952441297,
    "mse_test": 0.0005590816395891338,
    "r2_train": 0.9744334859689734,
    "r2_test": 0.9838703977005386,
    "seed": 45,
    "algorithm": "Operon",
    "dataset": "nikuradse_1",
    "scenario": "C1",
    "fold": 5,
    "population_size": 500,
    "pool_size": 500,
    "generations": 400,
    "max_evaluations": 200000,
    "operators": "add,sub,mul,div,constant,variable"
  },
  {
    "model_id": 115,
    "expression": "((-0.000002) + (1.000001 * ((((12.262153 + (246.032639 * X2)) / ((49.297638 * X1) - (-1751.420532))) / (((-13076044.000000) * 11016062.000000) * (62538208.000000 + (3.141593 * X2)))) + ((((-2.746206) / ((-1.963206) * X2)) - 0.014825) - ((((-0.052438) * X1) + (53.977764 * X2)) / (((-10.248936) * X1) - 379.034576))))))",
    "complexity": 47,
    "mse_train": 0.0009125327823539512,
    "mse_test": 0.0006279962053562234,
    "r2_train": 0.9734619571643439,
    "r2_test": 0.9818822005218939,
    "seed": 45,
    "algorithm": "Operon",
    "dataset": "nikuradse_1",
    "scenario": "C1",
    "fold": 5,
    "population_size": 500,
    "pool_size": 500,
    "generations": 400,
    "max_evaluations": 200000,
    "operators": "add,sub,mul,div,constant,variable"
  },
  {
    "model_id": 116,
    "expression": "((-0.000413) + (1.000957 * (((((-11.558507) * X1) - ((20.361971 * X2) / (((((-76.630112) * X1) - ((-96.034134) * X2)) + (97.553810 * X2)) * (0.050477 / (0.001041 * X1))))) + ((((-53.341240) * X1) - (-49.982765)) / (0.035173 * X1))) / ((((-5.994946) * X2) * (3.564945 * X2)) - ((((-277.635284) * X2) + (44.655731 * X1)) - (-2241.343506))))))",
    "complexity": 57,
    "mse_train": 0.0012370037406083368,
    "mse_test": 0.0007037306343154057,
    "r2_train": 0.9640257765080513,
    "r2_test": 0.9796972491069518,
    "seed": 45,
    "algorithm": "Operon",
    "dataset": "nikuradse_1",
    "scenario": "C1",
    "fold": 5,
    "population_size": 500,
    "pool_size": 500,
    "generations": 400,
    "max_evaluations": 200000,
    "operators": "add,sub,mul,div,constant,variable"
  },
  {
    "model_id": 117,
    "expression": "((-0.000000) + (1.000000 * ((((-0.000049) * X1) + ((-0.002907) * X2)) - ((((((-861.806152) * X2) / ((-79.328209) * X2)) / ((7.305802 - (-6.507814)) * ((9.931732 * X1) * (-0.710644)))) - ((0.110605 * (3.441831 * X1)) - (-43.948387))) / (((-0.700596) * ((-2.614270) * X1)) + (((-0.555447) * X1) - (-44.218616)))))))",
    "complexity": 49,
    "mse_train": 0.0013125578941176209,
    "mse_test": 0.0008237534884559586,
    "r2_train": 0.9618285301175503,
    "r2_test": 0.9762345689417508,
    "seed": 45,
    "algorithm": "Operon",
    "dataset": "nikuradse_1",
    "scenario": "C1",
    "fold": 5,
    "population_size": 500,
    "pool_size": 500,
    "generations": 400,
    "max_evaluations": 200000,
    "operators": "add,sub,mul,div,constant,variable"
  },
  {
    "model_id": 118,
    "expression": "(0.519646 + (0.020785 * ((((((-31719.472656) + ((-1112.292603) * X1)) / (((((-119.518509) * X2) * (23.926832 * 370.699860)) / ((-37587.070312) - (180.536835 * X1))) * ((5758446.500000 + (243399.828125 * X1)) + 5514101.000000))) + (25.016266 / 127.992134)) + ((3725118976.000000 * X2) / (59332128.000000 * X1))) + (-7.951033))))",
    "complexity": 45,
    "mse_train": 0.0042679327272297455,
    "mse_test": 0.00463368011844148,
    "r2_train": 0.8758810820552096,
    "r2_test": 0.8663175246672246,
    "seed": 45,
    "algorithm": "Operon",
    "dataset": "nikuradse_1",
    "scenario": "C1",
    "fold": 5,
    "population_size": 500,
    "pool_size": 500,
    "generations": 400,
    "max_evaluations": 200000,
    "operators": "add,sub,mul,div,constant,variable"
  },
  {
    "model_id": 119,
    "expression": "(0.362067 + ((-16.463089) * (((23.111572 + (-42.813637)) / (3.746349 * X1)) / ((((1.797481 - 0.847710) / (1.028025 - (-0.649712))) - ((1.720734 + (-0.128765)) / (((-0.056942) * X2) + ((-0.340645) * X2)))) - (((-0.987603) + ((-1.159728) * X2)) * ((1.550954 * X2) / (0.818972 * X2)))))))",
    "complexity": 45,
    "mse_train": 0.004847253181442562,
    "mse_test": 0.005470268163625564,
    "r2_train": 0.8590334341385915,
    "r2_test": 0.8421818144206502,
    "seed": 45,
    "algorithm": "Operon",
    "dataset": "nikuradse_1",
    "scenario": "C1",
    "fold": 5,
    "population_size": 500,
    "pool_size": 500,
    "generations": 400,
    "max_evaluations": 200000,
    "operators": "add,sub,mul,div,constant,variable"
  },
  {
    "model_id": 120,
    "expression": "(0.050455 + (0.914340 * ((((((1594.533203 * X2) + ((-2660.144287) * X2)) - ((719036965414697919527780352.000000 / (262827752269431868370190336.000000 * X1)) / 602686340779063767856054272.000000)) + ((((11.989394 + (-1256.463867)) / ((21.925915 * X1) / (564.214905 * X1))) + (14.869723 * X1)) + (-1195.495728))) / (((0.058887 * X1) + ((-10802.612305) * X2)) - 5909.833008)) + ((-0.000511) * X1))))",
    "complexity": 51,
    "mse_train": 0.012367376185407576,
    "mse_test": 0.010292147549992834,
    "r2_train": 0.6403351580132989,
    "r2_test": 0.7030697575567704,
    "seed": 45,
    "algorithm": "Operon",
    "dataset": "nikuradse_1",
    "scenario": "C1",
    "fold": 5,
    "population_size": 500,
    "pool_size": 500,
    "generations": 400,
    "max_evaluations": 200000,
    "operators": "add,sub,mul,div,constant,variable"
  },
  {
    "model_id": 121,
    "expression": "(0.044545 + (0.959902 * ((((((((-25578.160156) / (128153.125000 * X1)) + (513.429749 * X2)) + ((-93.043991) * X2)) - (((324.958221 * X2) * (0.082885 * X2)) + 1820.892822)) + (((-549.225647) + (1.000157 * X1)) + 326.966705)) / (((440.717438 * X2) - 62.104729) - (1351.529663 - (-1805.779907)))) + (0.000333 * X1))))",
    "complexity": 49,
    "mse_train": 0.014183170669508778,
    "mse_test": 0.011670333878644282,
    "r2_train": 0.5875286915151618,
    "r2_test": 0.6633088428681052,
    "seed": 45,
    "algorithm": "Operon",
    "dataset": "nikuradse_1",
    "scenario": "C1",
    "fold": 5,
    "population_size": 500,
    "pool_size": 500,
    "generations": 400,
    "max_evaluations": 200000,
    "operators": "add,sub,mul,div,constant,variable"
  },
  {
    "model_id": 122,
    "expression": "((-0.000385) + (1.000726 * (((2038.330811 + ((-109.704559) * X2)) / ((68.077888 * X1) - (-2087.141602))) + ((((-0.416719) + ((((-9.844330) - ((-1.555764) * X2)) * (1.115198 + ((-0.237921) * X2))) * ((((-21.942114) / (2.913177 * X1)) / ((-0.691811) * X1)) + (((-0.000840) * X1) + (-0.002057))))) - (-0.456835)) - ((-0.050663) * X2)))))",
    "complexity": 51,
    "mse_train": 0.00029939841262483446,
    "mse_test": 0.0002494739123731958,
    "r2_train": 0.9912929726440409,
    "r2_test": 0.9928026343458042,
    "seed": 45,
    "algorithm": "Operon",
    "dataset": "nikuradse_1",
    "scenario": "C1",
    "fold": 5,
    "population_size": 500,
    "pool_size": 500,
    "generations": 400,
    "max_evaluations": 200000,
    "operators": "add,sub,mul,div,constant,variable"
  },
  {
    "model_id": 123,
    "expression": "(0.000103 + (0.999817 * (((((((-317.263214) * X1) / (74.818275 * X2)) * 0.001919) + ((363.844269 / 25.674509) * ((((0.000207 * X1) - 0.371177) - (0.001866 * X2)) - (((-0.090608) / (((-0.284392) * X1) - 9.604224)) + (-0.376687))))) - ((0.000084 * X2) * (3.047176 * X1))) * ((0.858086 * X2) - 9.591937))))",
    "complexity": 51,
    "mse_train": 0.0003176503462841911,
    "mse_test": 0.0002990190660771306,
    "r2_train": 0.9907621746205046,
    "r2_test": 0.9913732480656583,
    "seed": 45,
    "algorithm": "Operon",
    "dataset": "nikuradse_1",
    "scenario": "C1",
    "fold": 5,
    "population_size": 500,
    "pool_size": 500,
    "generations": 400,
    "max_evaluations": 200000,
    "operators": "add,sub,mul,div,constant,variable"
  },
  {
    "model_id": 124,
    "expression": "(0.001056 + (0.998020 * (((((((-55.556892) * X2) + ((-94.693565) * X2)) - ((24553187328.000000 * X2) / ((-38427284.000000) * X1))) + ((171.642670 + ((-0.472320) * X1)) + (-270.306641))) / (((((-371.133240) * X2) - ((-1.388768) * X1)) * (0.958001 + ((-0.169506) * X2))) - (420.838806 - 1281.102783))) + ((2.807601 + ((-7.705827) * X2)) - ((-7.494577) * X2)))))",
    "complexity": 55,
    "mse_train": 0.0006803107067672906,
    "mse_test": 0.0007103493097552858,
    "r2_train": 0.980215379625953,
    "r2_test": 0.9795062991722107,
    "seed": 45,
    "algorithm": "Operon",
    "dataset": "nikuradse_1",
    "scenario": "C1",
    "fold": 5,
    "population_size": 500,
    "pool_size": 500,
    "generations": 400,
    "max_evaluations": 200000,
    "operators": "add,sub,mul,div,constant,variable"
  },
  {
    "model_id": 125,
    "expression": "((-0.000136) + (1.000215 * (((0.000571 * X1) + ((-0.225468) * X2)) - ((((((-82.035004) * X2) / ((-4.327521) * X2)) / ((1.510447 - (-0.714767)) * ((0.540779 * X1) * (-0.038607)))) - ((0.569974 * ((-18.430193) * X1)) - 88.128036)) / ((((0.002853 * X1) + ((-0.706000) * X2)) * ((-1.674616) * X1)) + (((-12.782020) * X1) - (2.417432 * X2)))))))",
    "complexity": 57,
    "mse_train": 0.0007165328569987215,
    "mse_test": 0.0006994108321198206,
    "r2_train": 0.9791619764024966,
    "r2_test": 0.9798218761497542,
    "seed": 45,
    "algorithm": "Operon",
    "dataset": "nikuradse_1",
    "scenario": "C1",
    "fold": 5,
    "population_size": 500,
    "pool_size": 500,
    "generations": 400,
    "max_evaluations": 200000,
    "operators": "add,sub,mul,div,constant,variable"
  },
  {
    "model_id": 126,
    "expression": "((-0.000027) + (1.000048 * (((((57.879135 * X2) * (1.250718 * X2)) + (((-552.896545) + (24.935755 * X1)) + (-65.513283))) / ((((31.541626 * X1) - (172.941238 * X2)) + (468.785217 * X2)) - (510.426727 - (-474.899597)))) + ((0.057558 * (1.315166 * X2)) * (((4.905965 * X2) / ((-1.871584) * X1)) - (2.006239 - 0.658424))))))",
    "complexity": 53,
    "mse_train": 0.0007613711384698035,
    "mse_test": 0.0006001088177014025,
    "r2_train": 0.9778580010743037,
    "r2_test": 0.9826867564940301,
    "seed": 45,
    "algorithm": "Operon",
    "dataset": "nikuradse_1",
    "scenario": "C1",
    "fold": 5,
    "population_size": 500,
    "pool_size": 500,
    "generations": 400,
    "max_evaluations": 200000,
    "operators": "add,sub,mul,div,constant,variable"
  },
  {
    "model_id": 127,
    "expression": "((-0.002355) + (1.004989 * ((51.974934 / ((((-3674541.000000) / (68147.429688 * X1)) + ((((-9.538407) - ((-209.178436) * X2)) / ((54.340279 * X1) - 47.468864)) + (((102.312569 / ((-2.705856) * X2)) - 0.272600) - ((((-25.794077) * X1) + ((-1711.229980) * X2)) / (((-3.605529) * X1) - 730.669189))))) - (-43.107967))) + (-1.642222))))",
    "complexity": 49,
    "mse_train": 0.0007641600021046447,
    "mse_test": 0.0007471114270104987,
    "r2_train": 0.97777689606193,
    "r2_test": 0.9784457057113907,
    "seed": 45,
    "algorithm": "Operon",
    "dataset": "nikuradse_1",
    "scenario": "C1",
    "fold": 5,
    "population_size": 500,
    "pool_size": 500,
    "generations": 400,
    "max_evaluations": 200000,
    "operators": "add,sub,mul,div,constant,variable"
  },
  {
    "model_id": 128,
    "expression": "((-0.000002) + (1.000001 * (((354923.343750 - ((0.660200 - ((-0.068610) * X1)) * ((9.817845 * X2) - (0.007050 * X1)))) / (((-13076044.000000) * 11016062.000000) * (62538208.000000 + (13106715.000000 * X2)))) + ((((-2.746206) / ((-1.963206) * X2)) - 0.014825) - ((((-0.052438) * X1) + (53.977764 * X2)) / (((-10.248936) * X1) - 379.034576))))))",
    "complexity": 51,
    "mse_train": 0.0009125327823539512,
    "mse_test": 0.0006279962053562234,
    "r2_train": 0.9734619571643439,
    "r2_test": 0.9818822005218939,
    "seed": 45,
    "algorithm": "Operon",
    "dataset": "nikuradse_1",
    "scenario": "C1",
    "fold": 5,
    "population_size": 500,
    "pool_size": 500,
    "generations": 400,
    "max_evaluations": 200000,
    "operators": "add,sub,mul,div,constant,variable"
  },
  {
    "model_id": 129,
    "expression": "(0.000013 + (1.000057 * (((((-5.466429) * X1) - (((-57.609158) * X2) / (((((-104.919464) * X1) - ((-23.301722) * X2)) + (24.821543 * X2)) * (0.076735 / (0.064910 * X1))))) + (((42818456.000000 / (211950688.000000 * X1)) + ((-12.818389) * X1)) + (-2713.971924))) / ((((-1.382528) * X2) * (0.495114 * X2)) - ((((-129.158539) * X2) + (71.841415 * X1)) - (-3423.617188))))))",
    "complexity": 59,
    "mse_train": 0.0012417564076403985,
    "mse_test": 0.0007192230060262976,
    "r2_train": 0.9638875606721719,
    "r2_test": 0.9792502914952589,
    "seed": 45,
    "algorithm": "Operon",
    "dataset": "nikuradse_1",
    "scenario": "C1",
    "fold": 5,
    "population_size": 500,
    "pool_size": 500,
    "generations": 400,
    "max_evaluations": 200000,
    "operators": "add,sub,mul,div,constant,variable"
  },
  {
    "model_id": 130,
    "expression": "((-0.000049) + (1.000078 * (((-0.265534) + ((-0.000465) * X1)) - ((((0.000639 * X1) + ((1.557691 - (-0.759736)) * ((0.725352 * X1) * (-0.000574)))) + ((((4.570024 * X1) * (-0.615462)) - ((-15.664749) / 22.978878)) / ((((-6.042957) * X2) - (1.214888 * X1)) * (1.326898 + 1.966944)))) + (-1.303064)))))",
    "complexity": 47,
    "mse_train": 0.0013689448669532856,
    "mse_test": 0.0008596690043305516,
    "r2_train": 0.9601886987280129,
    "r2_test": 0.9751984000776419,
    "seed": 45,
    "algorithm": "Operon",
    "dataset": "nikuradse_1",
    "scenario": "C1",
    "fold": 5,
    "population_size": 500,
    "pool_size": 500,
    "generations": 400,
    "max_evaluations": 200000,
    "operators": "add,sub,mul,div,constant,variable"
  },
  {
    "model_id": 131,
    "expression": "(0.000106 + (0.999776 * (((((-1320.489502) + ((-207.879425) * X1)) / (-26.973894)) / (31.051367 * X1)) - ((3.973256 / (95.232903 * X2)) * (((-0.186404) / (32.253342 * X1)) * ((((12.960483 * X1) * 81.512207) - ((-3364273664.000000) / (-2925185024.000000))) / ((((-106.517166) * X1) + ((-1230.192993) * X2)) / ((46.952850 * X2) * ((-54.481373) * X2)))))))))",
    "complexity": 53,
    "mse_train": 0.0014020215013155787,
    "mse_test": 0.0008568441018511003,
    "r2_train": 0.9592267725851499,
    "r2_test": 0.9752798990042777,
    "seed": 45,
    "algorithm": "Operon",
    "dataset": "nikuradse_1",
    "scenario": "C1",
    "fold": 5,
    "population_size": 500,
    "pool_size": 500,
    "generations": 400,
    "max_evaluations": 200000,
    "operators": "add,sub,mul,div,constant,variable"
  },
  {
    "model_id": 132,
    "expression": "(0.002931 + (0.994476 * (((((((-34.439526) + ((-13.222543) * X2)) + (10.301695 * X2)) - ((1152538240.000000 * X2) / (42203664.000000 * X1))) + ((188.618378 + ((-3.076027) * X1)) + (-108.619408))) / ((4.984673 * X1) - ((-27.069510) * X2))) + ((0.000262 * 46.151676) * ((((-0.705355) * X2) - (-73.676460)) - ((-1.920888) - 1.288256))))))",
    "complexity": 51,
    "mse_train": 0.0014301466027859177,
    "mse_test": 0.001032515635717047,
    "r2_train": 0.9584088456437728,
    "r2_test": 0.9702117447742865,
    "seed": 45,
    "algorithm": "Operon",
    "dataset": "nikuradse_1",
    "scenario": "C1",
    "fold": 5,
    "population_size": 500,
    "pool_size": 500,
    "generations": 400,
    "max_evaluations": 200000,
    "operators": "add,sub,mul,div,constant,variable"
  },
  {
    "model_id": 133,
    "expression": "((-0.000000) + (1.000000 * (((24873.226562 / (2479.112061 * X1)) + (((-0.902137) - ((-263.610870) / (-43.758488))) / (((-2.184174) * (1.363467 * X2)) * (((((14.302189 * X1) - 372.943329) * ((-39.637829) * X1)) / (3.486903 - (0.340497 + (-3.947790)))) / (((-432.955627) * X1) + 1268.765625))))) + 0.292916)))",
    "complexity": 45,
    "mse_train": 0.0014428801078980966,
    "mse_test": 0.0008367843003681956,
    "r2_train": 0.9580385331348421,
    "r2_test": 0.9758586277573149,
    "seed": 45,
    "algorithm": "Operon",
    "dataset": "nikuradse_1",
    "scenario": "C1",
    "fold": 5,
    "population_size": 500,
    "pool_size": 500,
    "generations": 400,
    "max_evaluations": 200000,
    "operators": "add,sub,mul,div,constant,variable"
  },
  {
    "model_id": 134,
    "expression": "((-0.000048) + (1.000099 * ((((-1655.101807) + ((-92.388885) * X1)) / ((-258.635803) * X1)) - ((((((-78.179955) * X1) + (5160.807617 * X2)) - (-40633.976562)) / ((((24.063696 * X1) + 1256.518799) * ((1220.877319 * X2) / 562.500549)) + (((-5.565511) * (53.575943 * X1)) + (((-154.876099) * X2) + (-8583.093750))))) / ((62.803810 * X1) / ((-0.005958) * X1))))))",
    "complexity": 55,
    "mse_train": 0.003913420009154624,
    "mse_test": 0.0049733297270569445,
    "r2_train": 0.8861909294163024,
    "r2_test": 0.8565185745314963,
    "seed": 45,
    "algorithm": "Operon",
    "dataset": "nikuradse_1",
    "scenario": "C1",
    "fold": 5,
    "population_size": 500,
    "pool_size": 500,
    "generations": 400,
    "max_evaluations": 200000,
    "operators": "add,sub,mul,div,constant,variable"
  },
  {
    "model_id": 135,
    "expression": "((-0.014600) + (1.051231 * (((((-4420.848145) + ((-256.537231) * X1)) / (-26.328335)) / (27.519566 * X1)) - ((0.213457 / ((-18.679111) * X2)) * (((-0.010375) / ((-6.313280) * X1)) * ((((0.713240 * X1) * 4.501598) - ((-3390.623779) / (-5810.175781))) / (((-28760484.000000) / (33881648.000000 * X1)) * (4.648239 + 2.494420))))))))",
    "complexity": 47,
    "mse_train": 0.0039587558689182165,
    "mse_test": 0.004272473847637533,
    "r2_train": 0.8848724836446403,
    "r2_test": 0.8767383882470423,
    "seed": 45,
    "algorithm": "Operon",
    "dataset": "nikuradse_1",
    "scenario": "C1",
    "fold": 5,
    "population_size": 500,
    "pool_size": 500,
    "generations": 400,
    "max_evaluations": 200000,
    "operators": "add,sub,mul,div,constant,variable"
  },
  {
    "model_id": 136,
    "expression": "((-0.015444) + (1.026838 * (((((-4420.848145) + ((-256.537231) * X1)) / (-25.679520)) / (27.519566 * X1)) - ((0.213457 / ((-18.679111) * X2)) * (((-0.010375) / ((-6.313280) * X1)) * ((((0.713240 * X1) * 4.501598) - ((-3390.623779) / (1.152674 * X2))) / ((((-0.052438) * X1) + (53.977764 * X2)) / (((-10.248936) * X1) - 379.034576))))))))",
    "complexity": 53,
    "mse_train": 0.003976834003578345,
    "mse_test": 0.004295724221547505,
    "r2_train": 0.884346739998739,
    "r2_test": 0.8760676109259391,
    "seed": 45,
    "algorithm": "Operon",
    "dataset": "nikuradse_1",
    "scenario": "C1",
    "fold": 5,
    "population_size": 500,
    "pool_size": 500,
    "generations": 400,
    "max_evaluations": 200000,
    "operators": "add,sub,mul,div,constant,variable"
  },
  {
    "model_id": 137,
    "expression": "((-0.015556) + (1.026479 * (((((-4420.848145) + ((-256.537231) * X1)) / (-25.679520)) / (27.519566 * X1)) - ((0.213457 / ((-19.740082) * X2)) * (((-0.010375) / ((-6.313280) * X1)) * ((((0.713240 * X1) * 4.501598) - ((-3390.623779) / (-5810.175781))) / ((((-2.655539) * X2) - ((-0.673921) * X1)) * (((-2.848822) * X1) - ((-14.714692) * X2)))))))))",
    "complexity": 53,
    "mse_train": 0.003982404146240943,
    "mse_test": 0.004305601639362716,
    "r2_train": 0.8841847505475772,
    "r2_test": 0.8757826457082974,
    "seed": 45,
    "algorithm": "Operon",
    "dataset": "nikuradse_1",
    "scenario": "C1",
    "fold": 5,
    "population_size": 500,
    "pool_size": 500,
    "generations": 400,
    "max_evaluations": 200000,
    "operators": "add,sub,mul,div,constant,variable"
  },
  {
    "model_id": 138,
    "expression": "((-0.000025) + (1.000082 * ((((-65.132805) * X2) * ((((-0.081819) * (-3.816880)) * ((((-13.337461) * X1) + 237.499115) - ((-3171819.750000) / ((-422346.875000) * X2)))) / (((3.269637 * X1) * ((176.543945 * X2) * (396.927734 * X1))) + ((((-279.118866) * X1) / ((-6.775381) * X2)) * (((-6994.978516) * X1) + 346340.625000))))) - ((0.000845 * X1) - 0.670789))))",
    "complexity": 55,
    "mse_train": 0.010075573982383788,
    "mse_test": 0.008441711213584733,
    "r2_train": 0.7069847581271778,
    "r2_test": 0.7564551669017618,
    "seed": 45,
    "algorithm": "Operon",
    "dataset": "nikuradse_1",
    "scenario": "C1",
    "fold": 5,
    "population_size": 500,
    "pool_size": 500,
    "generations": 400,
    "max_evaluations": 200000,
    "operators": "add,sub,mul,div,constant,variable"
  },
  {
    "model_id": 139,
    "expression": "((-0.000860) + (1.005419 * (((((-0.012400) * X1) - (2.111440 * X2)) + ((((70.764977 * X2) - (-73.676460)) * ((2.521495 / ((-1.739911) * X1)) * ((0.318295 * X1) * (-144.384155)))) - (((121.337746 * X2) * (0.000070 * X2)) - ((-2770.440674) - 2136.948730)))) - (((4710.833008 * X2) + (0.657045 * X1)) - ((0.668617 * X1) - (-1.029834))))))",
    "complexity": 55,
    "mse_train": 0.010103977020157901,
    "mse_test": 0.008567654598445183,
    "r2_train": 0.7061587483139546,
    "r2_test": 0.7528216783981152,
    "seed": 45,
    "algorithm": "Operon",
    "dataset": "nikuradse_1",
    "scenario": "C1",
    "fold": 5,
    "population_size": 500,
    "pool_size": 500,
    "generations": 400,
    "max_evaluations": 200000,
    "operators": "add,sub,mul,div,constant,variable"
  },
  {
    "model_id": 140,
    "expression": "(0.276042 + (0.548662 * (((((30.186504 * ((-18.219824) * X1)) - ((48582241550336.000000 * X2) / ((-10124445696.000000) * X1))) + ((((-1.148979) * X1) + 0.183698) / (((-1.000026) * X1) * (1.019490 * X1)))) / ((((-143721.000000) * X2) + (373.580261 * X2)) - ((-1354.620605) - 6405.802246))) + ((8.276487 - 6.330982) * ((-56.766617) / ((-8.840297) * X1))))))",
    "complexity": 53,
    "mse_train": 0.013777736270158537,
    "mse_test": 0.01786444747491214,
    "r2_train": 0.5993194300673159,
    "r2_test": 0.4846075909741795,
    "seed": 45,
    "algorithm": "Operon",
    "dataset": "nikuradse_1",
    "scenario": "C1",
    "fold": 5,
    "population_size": 500,
    "pool_size": 500,
    "generations": 400,
    "max_evaluations": 200000,
    "operators": "add,sub,mul,div,constant,variable"
  },
  {
    "model_id": 141,
    "expression": "((-0.000002) + (1.000003 * ((((-0.307672) + ((((-9.549033) - ((-1.460974) * X2)) * (1.063215 + ((-0.257162) * X2))) * (((((-1.853720) * (-4.131824)) * ((-0.068091) * X1)) / ((0.074985 * X1) + 7.198871)) + ((0.038521 * X1) + 0.279837)))) / ((-0.071113) * X1)) - ((0.041032 + (-0.109833)) / (((-0.135490) * X1) / ((-0.897896) * X1))))))",
    "complexity": 53,
    "mse_train": 0.00031411299452556484,
    "mse_test": 0.00034179788603254905,
    "r2_train": 0.9908650469712963,
    "r2_test": 0.9901390716880756,
    "seed": 45,
    "algorithm": "Operon",
    "dataset": "nikuradse_1",
    "scenario": "C1",
    "fold": 5,
    "population_size": 500,
    "pool_size": 500,
    "generations": 400,
    "max_evaluations": 200000,
    "operators": "add,sub,mul,div,constant,variable"
  },
  {
    "model_id": 142,
    "expression": "((-0.000001) + (0.999990 * (((((94.392929 * X2) * (1.349483 * X2)) + ((-1550.463257) - (29.788164 * X1))) / ((((102.527931 * X1) - ((-1264.999146) * X2)) + (1893.654785 * X2)) - (5995.654297 - (-6265.995117)))) + ((((-2.271884) * (-2.111609)) * ((-25.473721) + (15.588318 * X2))) / (((34.707790 * X2) - 100.166878) * (3.977594 * 1.594259))))))",
    "complexity": 53,
    "mse_train": 0.00032505881269144515,
    "mse_test": 0.00024288129520419398,
    "r2_train": 0.9905467235127043,
    "r2_test": 0.9929928324949094,
    "seed": 45,
    "algorithm": "Operon",
    "dataset": "nikuradse_1",
    "scenario": "C1",
    "fold": 5,
    "population_size": 500,
    "pool_size": 500,
    "generations": 400,
    "max_evaluations": 200000,
    "operators": "add,sub,mul,div,constant,variable"
  },
  {
    "model_id": 143,
    "expression": "((-0.000179) + (1.000255 * ((75.332726 / ((((-3973649.750000) / (58227.003906 * X1)) + ((((((-125.131760) * X1) - (112.476723 * X2)) + (517.092896 * X2)) / ((31.215015 * X1) - (-143.858063))) + (((62.819187 / ((-3.554246) * X2)) - 3.941177) - ((((-44.682423) * X1) + ((-1258.364868) * X2)) / (((-7.622834) * X1) - 702.398376))))) - (-39.439346))) + (-3.175683))))",
    "complexity": 55,
    "mse_train": 0.000697528924866782,
    "mse_test": 0.0006954603781749733,
    "r2_train": 0.9797146438515085,
    "r2_test": 0.9799358474314431,
    "seed": 45,
    "algorithm": "Operon",
    "dataset": "nikuradse_1",
    "scenario": "C1",
    "fold": 5,
    "population_size": 500,
    "pool_size": 500,
    "generations": 400,
    "max_evaluations": 200000,
    "operators": "add,sub,mul,div,constant,variable"
  },
  {
    "model_id": 144,
    "expression": "((-0.000364) + (1.000685 * (((((10.326468 * X1) - (((-2591.741699) * X2) / ((((-12.829320) * X2) / ((-18.532541) * X1)) - (3.471651 - 2.351955)))) + ((1049.447876 + ((-4.676766) * X1)) + 1054.017944)) / ((((-22.535589) * X2) * ((-12.862167) * X2)) - (((4914.779297 * X2) + ((-13.841470) * X1)) - 4702.288086))) + ((0.180241 - (0.077991 * X2)) - (0.001350 * X1)))))",
    "complexity": 59,
    "mse_train": 0.0007006026658938305,
    "mse_test": 0.0005987427233237646,
    "r2_train": 0.9796252541083466,
    "r2_test": 0.9827261685538341,
    "seed": 45,
    "algorithm": "Operon",
    "dataset": "nikuradse_1",
    "scenario": "C1",
    "fold": 5,
    "population_size": 500,
    "pool_size": 500,
    "generations": 400,
    "max_evaluations": 200000,
    "operators": "add,sub,mul,div,constant,variable"
  },
  {
    "model_id": 145,
    "expression": "((-0.000011) + (1.000032 * ((((-1.085607) + (((((-0.705063) - ((-0.477093) * X2)) + ((-15.061867) / (0.288055 * X1))) * ((-0.097528) * (-4.550129))) * ((((3.890733 * X2) - (-53.507435)) / ((-0.199997) * X1)) + (((-0.227889) * X1) + 23.541441)))) / (0.595572 * X1)) - ((0.033228 + (-0.119514)) / (((-0.146163) * X1) / ((-0.894752) * X1))))))",
    "complexity": 53,
    "mse_train": 0.0007736691264763124,
    "mse_test": 0.0005841077301181606,
    "r2_train": 0.9775003541614254,
    "r2_test": 0.9831483906468995,
    "seed": 45,
    "algorithm": "Operon",
    "dataset": "nikuradse_1",
    "scenario": "C1",
    "fold": 5,
    "population_size": 500,
    "pool_size": 500,
    "generations": 400,
    "max_evaluations": 200000,
    "operators": "add,sub,mul,div,constant,variable"
  },
  {
    "model_id": 146,
    "expression": "(0.000000 + (1.000000 * (((((((-0.392793) * X2) + ((-2.738387) * X2)) * (1.867775 / ((-1.269728) * X2))) / (((0.989159 * X1) / ((-1.068256) * X2)) * ((-0.881577) / ((-0.771235) * X1)))) / (((-0.669718) * X1) - 29.384789)) + ((((-4.531199) / (2.100414 * X2)) - 0.074770) - (((9.085280 * X1) + (17324.839844 * X2)) / ((29.260601 * X2) * ((-163.754745) * X2)))))))",
    "complexity": 61,
    "mse_train": 0.0008809954110111192,
    "mse_test": 0.0006559583633999965,
    "r2_train": 0.9743791188573859,
    "r2_test": 0.9810754874110641,
    "seed": 45,
    "algorithm": "Operon",
    "dataset": "nikuradse_1",
    "scenario": "C1",
    "fold": 5,
    "population_size": 500,
    "pool_size": 500,
    "generations": 400,
    "max_evaluations": 200000,
    "operators": "add,sub,mul,div,constant,variable"
  },
  {
    "model_id": 147,
    "expression": "(0.001419 + (0.987887 * (((((((-0.001096) * X1) + ((-137.286041) * X2)) + (11367.206055 / (5997.695801 * X2))) - (13.504365 - 13.232200)) - (((-0.001067) * X1) - (137.320923 * X2))) - ((((0.580151 * X2) * ((-25.693922) * X1)) - ((-3.078140) * 82.360146)) / ((((4.030696 * X1) + (13.668439 * X2)) * (0.874786 * X1)) + ((0.860515 * X1) - (-32.900654)))))))",
    "complexity": 59,
    "mse_train": 0.0008868467267771102,
    "mse_test": 0.0005605131492545381,
    "r2_train": 0.974208952402607,
    "r2_test": 0.9838290983983334,
    "seed": 45,
    "algorithm": "Operon",
    "dataset": "nikuradse_1",
    "scenario": "C1",
    "fold": 5,
    "population_size": 500,
    "pool_size": 500,
    "generations": 400,
    "max_evaluations": 200000,
    "operators": "add,sub,mul,div,constant,variable"
  },
  {
    "model_id": 148,
    "expression": "((-0.000792) + (1.001511 * ((((-0.253169) + ((((-4.341697) - ((-0.109803) * X2)) * (0.363116 + ((-0.008416) * X2))) * (((((-1.117941) * (-2.491872)) * (0.239170 * X1)) / ((0.394415 * X1) + (-4.144469))) + (((-0.133485) * X1) + 0.474298)))) / (0.570774 * X1)) - (((-23.642916) / ((-10.009787) * X1)) / ((0.158611 * X1) / ((-1.398933) * X1))))))",
    "complexity": 55,
    "mse_train": 0.0012294723567363702,
    "mse_test": 0.0007156139202089537,
    "r2_train": 0.9642448022698332,
    "r2_test": 0.979354414247244,
    "seed": 45,
    "algorithm": "Operon",
    "dataset": "nikuradse_1",
    "scenario": "C1",
    "fold": 5,
    "population_size": 500,
    "pool_size": 500,
    "generations": 400,
    "max_evaluations": 200000,
    "operators": "add,sub,mul,div,constant,variable"
  },
  {
    "model_id": 149,
    "expression": "((-0.000030) + (1.000120 * ((1.745244 - 0.236612) - (((((-0.007382) * X1) * (-0.013966)) - ((((((-3.943373) * X1) - 170.236740) * ((-44.389885) * X1)) / (0.027390 - (3.800051 + (-0.488280)))) / (((-21.443972) * X1) + (-1451.314819)))) / ((((-0.151307) * X2) - (0.238056 * X1)) * ((6.805288 - (-1.721881)) + (-0.286985)))))))",
    "complexity": 49,
    "mse_train": 0.001235115190418086,
    "mse_test": 0.0007198563613876311,
    "r2_train": 0.9640806988372161,
    "r2_test": 0.979232019083201,
    "seed": 45,
    "algorithm": "Operon",
    "dataset": "nikuradse_1",
    "scenario": "C1",
    "fold": 5,
    "population_size": 500,
    "pool_size": 500,
    "generations": 400,
    "max_evaluations": 200000,
    "operators": "add,sub,mul,div,constant,variable"
  },
  {
    "model_id": 150,
    "expression": "(0.000044 + (0.999875 * ((((-428.756104) + ((-3.990888) * X1)) + (((-225.879913) + ((-4.692567) * X1)) + (-632.821960))) / (((((-0.075670) * X2) * ((-246.081528) * X2)) - (((((-0.016607) * X2) * (0.011784 * X1)) - (((-5.726961) * X2) / 50.406303)) - (((-28.010853) * X1) + (-420.085205)))) + (((((-125.679230) * X2) - 145.989349) + ((-6.094315) * X1)) + (-601.117310))))))",
    "complexity": 57,
    "mse_train": 0.0012548940337183746,
    "mse_test": 0.0007486738448439341,
    "r2_train": 0.9635054956216246,
    "r2_test": 0.978400629685826,
    "seed": 45,
    "algorithm": "Operon",
    "dataset": "nikuradse_1",
    "scenario": "C1",
    "fold": 5,
    "population_size": 500,
    "pool_size": 500,
    "generations": 400,
    "max_evaluations": 200000,
    "operators": "add,sub,mul,div,constant,variable"
  },
  {
    "model_id": 151,
    "expression": "(0.000002 + (0.999981 * (((((0.038982 * X1) + (-1.312464)) + ((-0.039090) * X1)) + (((((42.682186 * X1) - 667.442261) - (((-220.912094) + (((-8.927370) * X1) - 203.984314)) / (((-2.267316) * X2) / 7.325516))) - ((6598.080078 * X2) + ((-6191.202637) * X2))) / ((((-32.343182) * X2) - (5.901068 * X1)) * (12.597369 + 22.579081)))) + 1.809053)))",
    "complexity": 55,
    "mse_train": 0.0012804777135743334,
    "mse_test": 0.0008295862936687821,
    "r2_train": 0.9627614776476513,
    "r2_test": 0.976066291499404,
    "seed": 45,
    "algorithm": "Operon",
    "dataset": "nikuradse_1",
    "scenario": "C1",
    "fold": 5,
    "population_size": 500,
    "pool_size": 500,
    "generations": 400,
    "max_evaluations": 200000,
    "operators": "add,sub,mul,div,constant,variable"
  },
  {
    "model_id": 152,
    "expression": "((-0.000044) + (1.000067 * (((((((-1.982632) * X1) - (1.200111 * X2)) * ((-0.768658) / 0.489270)) + ((0.404623 / ((-1.700995) * X1)) / ((1.534212 * X2) - 2.441217))) + ((((-0.369725) - (1.945195 * X1)) + (((-1.713062) * X2) * (0.035073 * X1))) - ((((-0.001737) * X1) * (1.471941 * X1)) * (0.211702 * (-1.214655))))) / (1.882519 * X1))))",
    "complexity": 57,
    "mse_train": 0.001396513958577085,
    "mse_test": 0.0010653486377443478,
    "r2_train": 0.9593869415214771,
    "r2_test": 0.9692645069694698,
    "seed": 45,
    "algorithm": "Operon",
    "dataset": "nikuradse_1",
    "scenario": "C1",
    "fold": 5,
    "population_size": 500,
    "pool_size": 500,
    "generations": 400,
    "max_evaluations": 200000,
    "operators": "add,sub,mul,div,constant,variable"
  },
  {
    "model_id": 153,
    "expression": "((-0.015574) + (1.026529 * (((((-4420.848145) + ((-256.537231) * X1)) / (-25.679520)) / (27.519566 * X1)) - ((0.213457 / ((-18.679111) * X2)) * (((-0.010375) / ((-6.313280) * X1)) * (((-80.225311) + (0.059405 * X1)) - (((-28760484.000000) / (33881648.000000 * X1)) * (0.085984 * (((1.993001 * X2) / ((-3.252358) * X2)) * (((-0.015827) * X1) + (-10.355808)))))))))))",
    "complexity": 55,
    "mse_train": 0.003982400858158084,
    "mse_test": 0.004305577875861061,
    "r2_train": 0.8841848461707542,
    "r2_test": 0.875783331289443,
    "seed": 45,
    "algorithm": "Operon",
    "dataset": "nikuradse_1",
    "scenario": "C1",
    "fold": 5,
    "population_size": 500,
    "pool_size": 500,
    "generations": 400,
    "max_evaluations": 200000,
    "operators": "add,sub,mul,div,constant,variable"
  },
  {
    "model_id": 154,
    "expression": "(0.279469 + (0.264726 * (((0.010836 * (1.715537 * X2)) * ((19.228369 / (30.747463 * X1)) + 2.108314)) - ((-0.007495) / ((0.491941 * X1) / ((((((-13.547855) * (-17.549557)) * ((-113.544487) * X1)) / (((312.429657 * X2) - 4318.993652) - (1.346757 * X1))) + ((((-0.371040) * X1) * 4.949347) + 65.167038)) + (305.071686 * X2)))))))",
    "complexity": 53,
    "mse_train": 0.0045446434036122245,
    "mse_test": 0.004763203035006819,
    "r2_train": 0.867833853588547,
    "r2_test": 0.8625807660528646,
    "seed": 45,
    "algorithm": "Operon",
    "dataset": "nikuradse_1",
    "scenario": "C1",
    "fold": 5,
    "population_size": 500,
    "pool_size": 500,
    "generations": 400,
    "max_evaluations": 200000,
    "operators": "add,sub,mul,div,constant,variable"
  },
  {
    "model_id": 155,
    "expression": "(0.406029 + ((-0.033203) * (((((-7.056722) / ((-2.763458) * X2)) - (-2.742854)) - ((((-2.292195) * X1) + (174.795822 * X2)) / (3.816297 * X1))) + (((((((-434.249634) * X1) - ((-222.252472) * X1)) + (851.842712 * X2)) - (1492.255859 - (-1455.937744))) / ((-776.114136) - (74.235855 * X1))) * ((((-1.702971) * X2) / ((-0.746111) * X1)) - ((-0.114874) - (-1.083775)))))))",
    "complexity": 57,
    "mse_train": 0.005033436074350131,
    "mse_test": 0.0055535219343232755,
    "r2_train": 0.8536189113041329,
    "r2_test": 0.8397799286919908,
    "seed": 45,
    "algorithm": "Operon",
    "dataset": "nikuradse_1",
    "scenario": "C1",
    "fold": 5,
    "population_size": 500,
    "pool_size": 500,
    "generations": 400,
    "max_evaluations": 200000,
    "operators": "add,sub,mul,div,constant,variable"
  },
  {
    "model_id": 156,
    "expression": "(0.000998 + (0.998119 * (((((0.038982 * X1) + (-1.312464)) + ((-0.039816) * X1)) + (((((42.682186 * X1) - 667.442261) - (((-220.912094) + (((-8.927370) * X1) - 203.984314)) / ((36.630363 * X2) / 7.325516))) - ((6598.080078 * X2) + ((-6191.202637) * X2))) / ((21461.601562 - (208.518616 * X1)) * (12.597369 + 22.579081)))) + 1.985160)))",
    "complexity": 53,
    "mse_train": 0.010160016000306055,
    "mse_test": 0.008511012338519372,
    "r2_train": 0.7045290371579325,
    "r2_test": 0.7544558174240675,
    "seed": 45,
    "algorithm": "Operon",
    "dataset": "nikuradse_1",
    "scenario": "C1",
    "fold": 5,
    "population_size": 500,
    "pool_size": 500,
    "generations": 400,
    "max_evaluations": 200000,
    "operators": "add,sub,mul,div,constant,variable"
  },
  {
    "model_id": 157,
    "expression": "(0.003726 + (1.015268 * ((((((((-17862.529297) / (85697.851562 * X1)) + (651.331665 * X2)) + ((-410.123901) * X2)) - ((489.439575 + (0.340494 * X1)) + ((692.317505 + (0.650069 * X1)) + 285.369171))) + (((-624.029175) + (1.493916 * X1)) + 252.163452)) / (((473.501556 * X2) - 106.776833) - (1396.201782 - (-1850.452026)))) + ((-0.000227) * X1))))",
    "complexity": 53,
    "mse_train": 0.011257984637576749,
    "mse_test": 0.009211523135089642,
    "r2_train": 0.6725981966538435,
    "r2_test": 0.734245959408589,
    "seed": 45,
    "algorithm": "Operon",
    "dataset": "nikuradse_1",
    "scenario": "C1",
    "fold": 5,
    "population_size": 500,
    "pool_size": 500,
    "generations": 400,
    "max_evaluations": 200000,
    "operators": "add,sub,mul,div,constant,variable"
  },
  {
    "model_id": 158,
    "expression": "((-0.000098) + (1.000413 * ((((-1056668053929984.000000) / ((-84332035178496.000000) * X1)) * (((-49.820541) / (4.476386 * X1)) + 1.314767)) - ((-0.087733) / (((0.022302 * X1) - 30.822086) / ((((4773.859375 - (471.677521 * X1)) / (((1719.369385 * X2) - 5938.303223) - (((-1721.568604) * X2) - (-5942.181152)))) + ((((-0.103065) * X1) * (-1.767527)) + (-43.093941))) + ((-12.380191) * X2)))))))",
    "complexity": 55,
    "mse_train": 0.0003004022675778095,
    "mse_test": 0.00026674686326512187,
    "r2_train": 0.9912637787934111,
    "r2_test": 0.9923043067158186,
    "seed": 45,
    "algorithm": "Operon",
    "dataset": "nikuradse_1",
    "scenario": "C1",
    "fold": 5,
    "population_size": 500,
    "pool_size": 500,
    "generations": 400,
    "max_evaluations": 200000,
    "operators": "add,sub,mul,div,constant,variable"
  },
  {
    "model_id": 159,
    "expression": "(0.000004 + (0.999994 * (((((((-0.104336) * (-3.816880)) * ((((-13.337461) * X1) + 237.499115) - ((-3171819.750000) / ((-422346.875000) * X2)))) / ((((-4962.294922) * X2) - (-17014.953125)) - ((4883.069336 * X2) - 16998.250000))) + (0.001140 * X1)) + ((49.426823 * X1) / ((((-25.267424) * X2) - (1.892436 * X1)) * (((1.751186 * X1) * (-0.010825)) - (-26.068882))))) + 0.944902)))",
    "complexity": 57,
    "mse_train": 0.0003080637433858691,
    "mse_test": 0.00026363204058838186,
    "r2_train": 0.9910409697315228,
    "r2_test": 0.9923941698904456,
    "seed": 45,
    "algorithm": "Operon",
    "dataset": "nikuradse_1",
    "scenario": "C1",
    "fold": 5,
    "population_size": 500,
    "pool_size": 500,
    "generations": 400,
    "max_evaluations": 200000,
    "operators": "add,sub,mul,div,constant,variable"
  },
  {
    "model_id": 160,
    "expression": "((-0.000531) + (1.000352 * ((131.345032 / ((((-946972.000000) / (134942.218750 * X1)) + (((((-5544.743652) - (1337.965942 * X2)) / (((-1907.435425) * X1) - 24297.654297)) / ((150481.531250 * X1) - (-11414032.000000))) + ((((-51.955208) / (8.277385 * X2)) - 12.341041) - ((((-6.819326) * X1) + ((-519.893494) * X2)) / (((-6.085578) * X1) - 1452.718384))))) - (-31.039484))) + (-7.861184))))",
    "complexity": 55,
    "mse_train": 0.0007383998626516347,
    "mse_test": 0.0007370327587749112,
    "r2_train": 0.9785260457883573,
    "r2_test": 0.9787364770385759,
    "seed": 45,
    "algorithm": "Operon",
    "dataset": "nikuradse_1",
    "scenario": "C1",
    "fold": 5,
    "population_size": 500,
    "pool_size": 500,
    "generations": 400,
    "max_evaluations": 200000,
    "operators": "add,sub,mul,div,constant,variable"
  },
  {
    "model_id": 161,
    "expression": "((-0.000001) + (1.000000 * (((4.807575 - (-2.145273)) - ((6.989735 + (0.000003 * X1)) + ((-1.004231) / (-3.000447)))) - (((((5.517509 * X1) + (106.018074 * X2)) - 94.134079) / (((((-0.434962) * X1) + (-5.476748)) * ((0.516686 * X2) / 1.772008)) + ((0.169934 * ((-3.547246) * X1)) + (((-7.623153) * X2) + 0.301232)))) * 0.142389))))",
    "complexity": 53,
    "mse_train": 0.0008802098115407619,
    "mse_test": 0.0005591119522139421,
    "r2_train": 0.9744019654584058,
    "r2_test": 0.9838695231760539,
    "seed": 45,
    "algorithm": "Operon",
    "dataset": "nikuradse_1",
    "scenario": "C1",
    "fold": 5,
    "population_size": 500,
    "pool_size": 500,
    "generations": 400,
    "max_evaluations": 200000,
    "operators": "add,sub,mul,div,constant,variable"
  },
  {
    "model_id": 162,
    "expression": "(0.000372 + (0.999971 * (((((((-7262.648926) * X2) + (3107.916504 * X2)) - (((-59413245502876024832.000000) * X2) / ((-13541214672270655488.000000) * X1))) + ((13114.030273 + (0.805767 * X1)) + 3711.169678)) / (5772.370117 * X2)) + (((((-6.981525) * X2) * (0.166897 * (-38.423061))) / (((-8.718713) * X1) + 36.714954)) * (((7.384887 / (1.019717 * X1)) - (0.015491 * X1)) + ((-0.695369) - ((-0.013094) * X2)))))))",
    "complexity": 61,
    "mse_train": 0.0008853958920127112,
    "mse_test": 0.0006185741215459428,
    "r2_train": 0.9742511452047392,
    "r2_test": 0.9821540292744956,
    "seed": 45,
    "algorithm": "Operon",
    "dataset": "nikuradse_1",
    "scenario": "C1",
    "fold": 5,
    "population_size": 500,
    "pool_size": 500,
    "generations": 400,
    "max_evaluations": 200000,
    "operators": "add,sub,mul,div,constant,variable"
  },
  {
    "model_id": 163,
    "expression": "(0.000000 + (1.000000 * (((((-93.915215) * X1) / (((((26709.400391 * X2) + (26787.437500 * X2)) - (((-317261583745024.000000) * X2) / (3933240295424.000000 * X1))) + ((((802.469910 * X1) + 367476.625000) + (5696.951172 * X1)) + 20727.625000)) / ((((62.270306 * X1) - ((-347.694214) * X2)) + (159.229630 * X2)) - ((-7644.436523) - 7644.938965)))) - ((3.237875 * X2) - 5.323204)) / ((-1.507950) * (2.628084 * X1)))))",
    "complexity": 63,
    "mse_train": 0.0012550994237219518,
    "mse_test": 0.0007488044180147667,
    "r2_train": 0.9634995225225553,
    "r2_test": 0.9783968626271938,
    "seed": 45,
    "algorithm": "Operon",
    "dataset": "nikuradse_1",
    "scenario": "C1",
    "fold": 5,
    "population_size": 500,
    "pool_size": 500,
    "generations": 400,
    "max_evaluations": 200000,
    "operators": "add,sub,mul,div,constant,variable"
  },
  {
    "model_id": 164,
    "expression": "((-0.000000) + (0.999992 * (((((((((-0.741255) * X1) - (2.098115 * X1)) * ((-0.152131) + 0.456637)) * (1.546613 + 0.411024)) / ((-226.316711) - 188.046234)) + ((-0.004224) * X1)) + ((((3.550799 * X1) * (-3.484016)) - ((6437.642578 * X2) + ((-6353.393555) * X2))) / ((((-4.693501) * X2) - (0.948403 * X1)) * (3.376054 + 3.532007)))) + (-1.552879))))",
    "complexity": 55,
    "mse_train": 0.0013734777984312136,
    "mse_test": 0.000864356429337904,
    "r2_train": 0.9600568731848012,
    "r2_test": 0.9750631670529396,
    "seed": 45,
    "algorithm": "Operon",
    "dataset": "nikuradse_1",
    "scenario": "C1",
    "fold": 5,
    "population_size": 500,
    "pool_size": 500,
    "generations": 400,
    "max_evaluations": 200000,
    "operators": "add,sub,mul,div,constant,variable"
  },
  {
    "model_id": 165,
    "expression": "(0.358702 + (1.013241 * (((((197199.343750 / (349.135834 * X2)) + ((20735.093750 / (3255.871338 * X1)) + ((0.667320 - ((-201.433533) / (-49.967976))) / (((-2.133035) * (1.625527 * X2)) * (((-1.931066) * X1) / ((-0.607417) * X1)))))) * ((0.082211 * X2) - 1.066954)) / (20.166555 * X1)) + ((8.167563 - 6.577831) * ((-56.766617) / ((-8.840297) * X1))))))",
    "complexity": 55,
    "mse_train": 0.004277307385379816,
    "mse_test": 0.004558580675406758,
    "r2_train": 0.8756084506666535,
    "r2_test": 0.8684841566280798,
    "seed": 45,
    "algorithm": "Operon",
    "dataset": "nikuradse_1",
    "scenario": "C1",
    "fold": 5,
    "population_size": 500,
    "pool_size": 500,
    "generations": 400,
    "max_evaluations": 200000,
    "operators": "add,sub,mul,div,constant,variable"
  },
  {
    "model_id": 166,
    "expression": "(3794.575684 + ((-7149.464355) * (0.530684 + ((((3765.426270 * X2) - (78.411499 * X1)) - (((((-44193376.000000) * X2) / ((-40089280.000000) * X1)) / (((-0.338081) * 0.463391) / ((-0.230985) / (-0.201857)))) / ((((-1.354333) + (1.328376 * X2)) / (0.040504 - ((-0.246018) * X1))) / ((((-1.148979) * X1) + 0.183698) / (((-1.000026) * X1) * (1.019490 * X1)))))) / (-669002752.000000)))))",
    "complexity": 57,
    "mse_train": 0.011232666343149931,
    "mse_test": 0.009294329618550175,
    "r2_train": 0.6733344967572672,
    "r2_test": 0.7318569779943239,
    "seed": 45,
    "algorithm": "Operon",
    "dataset": "nikuradse_1",
    "scenario": "C1",
    "fold": 5,
    "population_size": 500,
    "pool_size": 500,
    "generations": 400,
    "max_evaluations": 200000,
    "operators": "add,sub,mul,div,constant,variable"
  },
  {
    "model_id": 167,
    "expression": "((-0.000225) + (1.000376 * ((((((-0.296505) * X2) - (0.839308 * X1)) * 5.038160) * ((0.069021 * X2) - ((((18.213371 * X2) - 103.296082) - ((38.008610 + ((0.464999 * X1) - (-33.128925))) / ((2.862398 * X2) / (-4.788393)))) / (((2.699154 - (0.012121 * X1)) * ((8.447845 * X2) - ((-0.000353) * X1))) + (((-93.592018) - ((-2.904498) * X1)) - (2.006244 * X1)))))) / (1.105528 * X1))))",
    "complexity": 65,
    "mse_train": 0.00014688607197405653,
    "mse_test": 0.00016935276787176544,
    "r2_train": 0.9957282971687292,
    "r2_test": 0.995114143265209,
    "seed": 45,
    "algorithm": "Operon",
    "dataset": "nikuradse_1",
    "scenario": "C1",
    "fold": 5,
    "population_size": 500,
    "pool_size": 500,
    "generations": 400,
    "max_evaluations": 200000,
    "operators": "add,sub,mul,div,constant,variable"
  },
  {
    "model_id": 168,
    "expression": "((-0.000283) + (1.000806 * (((((-97916584.000000) * X2) / ((-15143725.000000) * X1)) / (((((((-6043.328613) * X1) / (312.271362 * X2)) - ((-8.525379) * X1)) + 10.741614) / ((((-2.074659) * X1) * (-3.375482)) + (-22.986378))) - (((234.215759 * X1) + (((-14256.696289) + (295.914520 * X1)) + (-14253.329102))) / ((((-72.473694) * X2) * (109.191788 * X2)) - (((-53844.121094) * X2) + ((-870.321411) * X1)))))) + ((-23.821056) / (1.629397 * X1)))))",
    "complexity": 67,
    "mse_train": 0.0003201629045494408,
    "mse_test": 0.00029486936909386036,
    "r2_train": 0.9906891050495701,
    "r2_test": 0.9914929675435733,
    "seed": 45,
    "algorithm": "Operon",
    "dataset": "nikuradse_1",
    "scenario": "C1",
    "fold": 5,
    "population_size": 500,
    "pool_size": 500,
    "generations": 400,
    "max_evaluations": 200000,
    "operators": "add,sub,mul,div,constant,variable"
  },
  {
    "model_id": 169,
    "expression": "((-0.000007) + (1.000013 * (((12.287444 * 0.042570) + ((((630.766174 * X1) * (-26.093771)) - ((-27855.841797) / (-574.699829))) / (((936.756775 * X2) - (-1643.620117)) * ((-54.278091) * X1)))) - (((((1445.579102 * X1) + (-91346.203125)) / ((168.146286 * X2) - 481.291779)) - ((-792.213196) + (14.698952 * X1))) / ((((-7.028352) * X2) - (0.929616 * X1)) * (10.181898 + 25.855585))))))",
    "complexity": 57,
    "mse_train": 0.0006958310622555392,
    "mse_test": 0.0004430147539885771,
    "r2_train": 0.9797640206537205,
    "r2_test": 0.987218947487024,
    "seed": 45,
    "algorithm": "Operon",
    "dataset": "nikuradse_1",
    "scenario": "C1",
    "fold": 5,
    "population_size": 500,
    "pool_size": 500,
    "generations": 400,
    "max_evaluations": 200000,
    "operators": "add,sub,mul,div,constant,variable"
  },
  {
    "model_id": 170,
    "expression": "(0.002248 + (0.996238 * ((((((73.656410 * X2) + (29.340811 * X2)) - (((-107013226496.000000) * X2) / (4513076.500000 * X1))) + ((134.619614 * X2) + ((-254.583481) * X2))) / (((((-1.041847) * X1) - ((-82.068726) * X2)) + (76.346779 * X2)) - ((-65.131996) - 54.044235))) + (((240.031174 / ((-3.999969) * X1)) / (218.232635 - ((-0.908999) * X1))) * (((10.691641 * X2) + 60.784122) - ((-171.733093) - 174.476608))))))",
    "complexity": 65,
    "mse_train": 0.0007099099271940991,
    "mse_test": 0.000476644223894128,
    "r2_train": 0.9793545827375799,
    "r2_test": 0.9862487314457373,
    "seed": 45,
    "algorithm": "Operon",
    "dataset": "nikuradse_1",
    "scenario": "C1",
    "fold": 5,
    "population_size": 500,
    "pool_size": 500,
    "generations": 400,
    "max_evaluations": 200000,
    "operators": "add,sub,mul,div,constant,variable"
  },
  {
    "model_id": 171,
    "expression": "((-0.024147) + (1.040827 * (((((((-0.001964) * X1) + ((-137.287079) * X2)) + (11143.496094 / (6115.732422 * X2))) - (13.513139 - (-9.217981))) - (((46.891155 * X1) / ((-5740.193848) * X2)) + (((-137.418564) * X2) - 22.158260))) - (((((-9.301428) * X1) + (-24.271152)) - (6.203483 * 86.150414)) / ((((1.292893 * X1) + (13.229180 * X2)) * (1.126529 * X1)) + ((21.002005 * X1) - (-486.500305)))))))",
    "complexity": 63,
    "mse_train": 0.0008751255054588193,
    "mse_test": 0.0009002793811839759,
    "r2_train": 0.9745498259355321,
    "r2_test": 0.9740267836597635,
    "seed": 45,
    "algorithm": "Operon",
    "dataset": "nikuradse_1",
    "scenario": "C1",
    "fold": 5,
    "population_size": 500,
    "pool_size": 500,
    "generations": 400,
    "max_evaluations": 200000,
    "operators": "add,sub,mul,div,constant,variable"
  },
  {
    "model_id": 172,
    "expression": "(0.000867 + (0.991763 * (((((((-0.001096) * X1) + ((-137.286041) * X2)) + (11367.206055 / (5997.695801 * X2))) - (13.504365 - (-9.209208))) - ((404.923309 - (0.001067 * X1)) + (((-137.320938) * X2) - 427.364471))) - ((((0.606225 * X2) * ((-25.693922) * X1)) - ((-3.182139) * 82.360146)) / ((((4.016831 * X1) + (13.668439 * X2)) * (0.923948 * X1)) + ((0.860515 * X1) - (-32.900654)))))))",
    "complexity": 63,
    "mse_train": 0.0008856284798014364,
    "mse_test": 0.0005622129181552895,
    "r2_train": 0.9742443811467025,
    "r2_test": 0.983780059770647,
    "seed": 45,
    "algorithm": "Operon",
    "dataset": "nikuradse_1",
    "scenario": "C1",
    "fold": 5,
    "population_size": 500,
    "pool_size": 500,
    "generations": 400,
    "max_evaluations": 200000,
    "operators": "add,sub,mul,div,constant,variable"
  },
  {
    "model_id": 173,
    "expression": "(0.000071 + (0.999880 * ((((21.699268 + (0.985349 * X1)) + ((241.596313 + ((-0.417976) * X1)) + (-179.002487))) / ((((0.565589 * X1) - ((-0.334630) * X2)) + ((-4.183151) * X2)) - (((-1.663805) * X1) + (-105.953041)))) + (((((-3240879104.000000) / (11995313152.000000 * X1)) / ((-237715760.000000) * X1)) / (1597221634048.000000 - ((-87115718656.000000) * X1))) * ((((-912748183552.000000) * X2) / ((-227869999104.000000) * X1)) - ((-2211932928.000000) - 2211931648.000000))))))",
    "complexity": 63,
    "mse_train": 0.001241868886869661,
    "mse_test": 0.0007195999234020294,
    "r2_train": 0.9638842895802593,
    "r2_test": 0.9792394173635761,
    "seed": 45,
    "algorithm": "Operon",
    "dataset": "nikuradse_1",
    "scenario": "C1",
    "fold": 5,
    "population_size": 500,
    "pool_size": 500,
    "generations": 400,
    "max_evaluations": 200000,
    "operators": "add,sub,mul,div,constant,variable"
  },
  {
    "model_id": 174,
    "expression": "(0.000161 + (1.000483 * (((((333.006622 * X2) - (((-19.417809) * X2) / ((((-2.834715) * X1) / ((-0.025586) * X2)) * (0.407547 / ((-0.002633) * X1))))) + ((-1386.311646) + (-3981.258301))) / (((0.886358 * X2) * ((-3.862045) * X2)) - ((4.416275 * X1) - ((-2269.811279) * X2)))) + ((((1.523438 * X2) * ((-2.753314) * X2)) / (494.473969 - ((-18.409124) * X1))) * (3.622456 - (4.753555 - (-2.091224)))))))",
    "complexity": 65,
    "mse_train": 0.001278716364228618,
    "mse_test": 0.0011956258623849279,
    "r2_train": 0.9628127007546882,
    "r2_test": 0.9655059864362711,
    "seed": 45,
    "algorithm": "Operon",
    "dataset": "nikuradse_1",
    "scenario": "C1",
    "fold": 5,
    "population_size": 500,
    "pool_size": 500,
    "generations": 400,
    "max_evaluations": 200000,
    "operators": "add,sub,mul,div,constant,variable"
  },
  {
    "model_id": 175,
    "expression": "(0.001972 + (0.996676 * ((((((((((-37.474091) * X1) - 96.686279) + (3313.899658 * X2)) - ((-4488.692383) - 4489.887695)) - ((-410.080475) * X1)) + 29983.962891) / (((((-4.698104) * X1) * (-4.156812)) / (0.114947 * X2)) * ((-8655.787109) / ((-54.456806) * X1)))) * ((13.351836 * X2) + (-116.604599))) / (((((-13.152286) * X1) - ((-271.822296) * X2)) + ((-242.826065) * X2)) - (920.667053 - 258.113342)))))",
    "complexity": 61,
    "mse_train": 0.0013181172321592317,
    "mse_test": 0.0007660081013760355,
    "r2_train": 0.961666854883587,
    "r2_test": 0.9779005333774852,
    "seed": 45,
    "algorithm": "Operon",
    "dataset": "nikuradse_1",
    "scenario": "C1",
    "fold": 5,
    "population_size": 500,
    "pool_size": 500,
    "generations": 400,
    "max_evaluations": 200000,
    "operators": "add,sub,mul,div,constant,variable"
  },
  {
    "model_id": 176,
    "expression": "(0.048846 + (0.917759 * (((((((-1062496.250000) * X2) + ((-680557.187500) * X2)) - ((-112572351119360.000000) / 1631157248203948032.000000)) + (59101864.000000 / (177096992.000000 * X1))) / ((((-50965.804688) * X2) * (1553.752075 * X2)) - ((-5386681.500000) - ((-1596745.750000) * X2)))) + (((4304.267090 - (-4346.322754)) / (((3.360428 * X1) - ((-5.209850) * X2)) + (673.176086 * X2))) * ((((-0.297070) * X2) / ((-0.782354) * X1)) - ((-1.284402) - (-1.111810)))))))",
    "complexity": 63,
    "mse_train": 0.0038989915519959733,
    "mse_test": 0.003927312306040683,
    "r2_train": 0.8866105340831516,
    "r2_test": 0.886696358605571,
    "seed": 45,
    "algorithm": "Operon",
    "dataset": "nikuradse_1",
    "scenario": "C1",
    "fold": 5,
    "population_size": 500,
    "pool_size": 500,
    "generations": 400,
    "max_evaluations": 200000,
    "operators": "add,sub,mul,div,constant,variable"
  },
  {
    "model_id": 177,
    "expression": "((-0.000530) + (1.001520 * ((((-1655.101807) + ((-92.388885) * X1)) / ((-258.635803) * X1)) - (((((19.672911 * X2) / (((7.735420 * X1) * 1.213846) * (0.719491 / (0.036174 * X1)))) - (-40633.976562)) / ((((24.063696 * X1) + 1256.518799) * ((1220.877319 * X2) / 562.500549)) + (((-5.565511) * (53.575943 * X1)) + (((-154.876099) * X2) + (-8583.093750))))) / ((62.803810 * X1) / ((-0.005958) * X1))))))",
    "complexity": 63,
    "mse_train": 0.0039118146681355855,
    "mse_test": 0.00468413795667066,
    "r2_train": 0.8862376155294512,
    "r2_test": 0.8648618072801801,
    "seed": 45,
    "algorithm": "Operon",
    "dataset": "nikuradse_1",
    "scenario": "C1",
    "fold": 5,
    "population_size": 500,
    "pool_size": 500,
    "generations": 400,
    "max_evaluations": 200000,
    "operators": "add,sub,mul,div,constant,variable"
  },
  {
    "model_id": 178,
    "expression": "((-0.017230) + (1.030513 * (((((-4420.848145) + ((-256.537231) * X1)) / (-25.679520)) / (27.519566 * X1)) - ((0.213457 / ((-19.740082) * X2)) * (((-0.010375) / ((-6.313280) * X1)) * ((((0.713240 * X1) * ((((-8.889420) * X1) * ((-16.044138) * X2)) - ((54.589283 * X2) / 51.354893))) - ((-3390.623779) / (-5810.175781))) / ((((-2.655539) * X2) - ((-0.673921) * X1)) * (((-2.848822) * X1) - ((-14.714692) * X2)))))))))",
    "complexity": 65,
    "mse_train": 0.003951715858805959,
    "mse_test": 0.0042624898852942125,
    "r2_train": 0.8850772194015746,
    "r2_test": 0.8770264272928048,
    "seed": 45,
    "algorithm": "Operon",
    "dataset": "nikuradse_1",
    "scenario": "C1",
    "fold": 5,
    "population_size": 500,
    "pool_size": 500,
    "generations": 400,
    "max_evaluations": 200000,
    "operators": "add,sub,mul,div,constant,variable"
  },
  {
    "model_id": 179,
    "expression": "((-0.015567) + (1.026476 * (((((-4420.848145) + ((-256.537231) * X1)) / (-25.679520)) / (27.519566 * X1)) - ((0.213457 / ((-18.679111) * X2)) * (((-0.010375) / ((-6.313280) * X1)) * ((((0.713240 * X1) * 4.501598) - ((-3390.623779) / (-5810.175781))) - (((-28760484.000000) / (33881648.000000 * X1)) * (0.085984 * (((1.993001 * X2) / ((-3.252358) * X2)) * (((-0.015827) * X1) + (-10.355808)))))))))))",
    "complexity": 59,
    "mse_train": 0.003982407431874883,
    "mse_test": 0.0043056289253492145,
    "r2_train": 0.8841846549956189,
    "r2_test": 0.875781858502853,
    "seed": 45,
    "algorithm": "Operon",
    "dataset": "nikuradse_1",
    "scenario": "C1",
    "fold": 5,
    "population_size": 500,
    "pool_size": 500,
    "generations": 400,
    "max_evaluations": 200000,
    "operators": "add,sub,mul,div,constant,variable"
  },
  {
    "model_id": 180,
    "expression": "(0.234900 + (0.695185 * (((((-0.000880) * X1) - ((-0.116741) * X2)) + ((((5.266703 * X2) - (-55.823452)) * (((-2.431426) / ((-1.844822) * X1)) * (0.016994 + ((-0.002047) * X2)))) * 15.542648)) - (((((1851.791138 * X2) + ((-2519.014404) * X2)) - ((2495531743214777726402560.000000 / (905194485891072411041792.000000 * X1)) / 2071938150243868761653248.000000)) + ((435647.375000 * X2) / (169334.562500 * X1))) / ((((-79.039909) * X1) + ((-2289.859375) * X2)) - (-6476.192871))))))",
    "complexity": 65,
    "mse_train": 0.004503527254048368,
    "mse_test": 0.003236594228183326,
    "r2_train": 0.8690295828373618,
    "r2_test": 0.906623694987204,
    "seed": 45,
    "algorithm": "Operon",
    "dataset": "nikuradse_1",
    "scenario": "C1",
    "fold": 5,
    "population_size": 500,
    "pool_size": 500,
    "generations": 400,
    "max_evaluations": 200000,
    "operators": "add,sub,mul,div,constant,variable"
  },
  {
    "model_id": 181,
    "expression": "(0.000068 + (0.999921 * (((1.422875 + (((((-1.958471) - ((-0.281334) * X2)) + (13.101664 / (0.241573 * X1))) * (1.840301 + ((-0.467172) * X2))) * (((((-0.409195) * X2) - (-55.802536)) / ((-0.201200) * X1)) + (((-0.371359) * X1) + 23.107199)))) / (0.325409 * X1)) - ((0.005146 + (-0.147594)) / (((-9.127451) / (((-0.135252) * X1) - 72.092377)) + (0.108420 - ((-0.023664) * X2)))))))",
    "complexity": 61,
    "mse_train": 0.0001884987596582252,
    "mse_test": 0.00021296924500784008,
    "r2_train": 0.9945181277264649,
    "r2_test": 0.9938558003326358,
    "seed": 45,
    "algorithm": "Operon",
    "dataset": "nikuradse_1",
    "scenario": "C1",
    "fold": 5,
    "population_size": 500,
    "pool_size": 500,
    "generations": 400,
    "max_evaluations": 200000,
    "operators": "add,sub,mul,div,constant,variable"
  },
  {
    "model_id": 182,
    "expression": "((-0.000000) + (1.000000 * (((((((-0.102788) * (-3.816880)) * ((((-13.337461) * X1) + 237.499115) - ((-3171819.750000) / ((-422346.875000) * X2)))) / ((((-4962.294922) * X2) - (-17014.953125)) - ((4883.069336 * X2) - 16998.250000))) + ((-0.000012) * X1)) + ((((3.364978 * X1) * (-0.059151)) - ((6437.642578 * X2) + ((-6353.393555) * X2))) / ((((-4.693501) * X2) - (0.644386 * X1)) * ((2.673643 * X2) / ((-0.015314) * X1))))) + 0.996715)))",
    "complexity": 67,
    "mse_train": 0.0003265811872750684,
    "mse_test": 0.0002547139318264581,
    "r2_train": 0.9905024502080151,
    "r2_test": 0.9926514588754656,
    "seed": 45,
    "algorithm": "Operon",
    "dataset": "nikuradse_1",
    "scenario": "C1",
    "fold": 5,
    "population_size": 500,
    "pool_size": 500,
    "generations": 400,
    "max_evaluations": 200000,
    "operators": "add,sub,mul,div,constant,variable"
  },
  {
    "model_id": 183,
    "expression": "(0.000079 + (0.999850 * (((((((-21.132965) * X2) + (56.241272 * X2)) - (((-1504324992.000000) * X2) / (25286152.000000 * X1))) + ((194.134796 + ((-0.125493) * X1)) + (-247.816925))) / (((((-0.217058) * X1) - ((-46.832474) * X2)) + (45.984776 * X2)) - (116.545273 - (-116.041931)))) + (((((-9.944383) - ((-2.743713) * X2)) + ((-0.073378) * X1)) / (13.692162 * X1)) * (((2.601471 * X2) / ((-0.031297) * X1)) - ((-19.141602) - 21.819807))))))",
    "complexity": 69,
    "mse_train": 0.0003334258601798205,
    "mse_test": 0.00029985245323381265,
    "r2_train": 0.9903033951973296,
    "r2_test": 0.9913492047016004,
    "seed": 45,
    "algorithm": "Operon",
    "dataset": "nikuradse_1",
    "scenario": "C1",
    "fold": 5,
    "population_size": 500,
    "pool_size": 500,
    "generations": 400,
    "max_evaluations": 200000,
    "operators": "add,sub,mul,div,constant,variable"
  },
  {
    "model_id": 184,
    "expression": "((-0.000882) + (1.001484 * ((((((-1.400774) * X2) - ((-1.268824) * X1)) * 5.738076) * ((0.012860 * X2) - ((((((-1.323809) * X2) - (13.396481 * X2)) - ((-80.225311) + (0.059405 * X1))) - (((-32.325104) - 30.587183) / ((3.289475 * X2) / (-5.089291)))) / (((0.696754 - ((-0.049784) * X1)) * ((9.798180 * X2) - (0.006421 * X1))) + (((-26.301516) - ((-2.184773) * X1)) - (3.716241 * X1)))))) / (4.162259 * X1))))",
    "complexity": 69,
    "mse_train": 0.0003405815399497529,
    "mse_test": 0.00022754230660948445,
    "r2_train": 0.9900952955652672,
    "r2_test": 0.9934353649770895,
    "seed": 45,
    "algorithm": "Operon",
    "dataset": "nikuradse_1",
    "scenario": "C1",
    "fold": 5,
    "population_size": 500,
    "pool_size": 500,
    "generations": 400,
    "max_evaluations": 200000,
    "operators": "add,sub,mul,div,constant,variable"
  },
  {
    "model_id": 185,
    "expression": "(0.000081 + (0.999976 * ((((((-5.490345) * X2) * ((-5.357250) * X2)) / (1849.106689 - ((-18.089239) * X1))) + (((((-0.095864) * ((-1.124415) * X1)) * ((-0.632006) * (1.445135 * X2))) * (((-1.722844) / ((-1.072478) * X1)) * (1.724780 + ((-0.223650) * X2)))) * ((((-0.573975) + (-0.256913)) - ((-0.212743) * X2)) - ((-2.019130) / ((-0.336772) * X1))))) - ((-0.523814) + ((1.791544 * X1) / (9.609236 * X1))))))",
    "complexity": 65,
    "mse_train": 0.0007198792991433622,
    "mse_test": 0.0005876357507948488,
    "r2_train": 0.9790646560358217,
    "r2_test": 0.9830466066382866,
    "seed": 45,
    "algorithm": "Operon",
    "dataset": "nikuradse_1",
    "scenario": "C1",
    "fold": 5,
    "population_size": 500,
    "pool_size": 500,
    "generations": 400,
    "max_evaluations": 200000,
    "operators": "add,sub,mul,div,constant,variable"
  },
  {
    "model_id": 186,
    "expression": "(0.001253 + (0.998047 * (((((-663.062744) / (0.569882 * X2)) + ((1117.106812 * X2) + (1194.481323 * X2))) / (((331.974854 * X2) * (10.056110 * X2)) - (10071.235352 - (-10727.789062)))) + (((((-3.213367) * X2) * ((-0.254965) * (-17.685184))) / (372.967987 - ((-1.857351) * X1))) * ((-1.990694) + (((7.097831 - (2.611649 * X2)) * (1.644842 + ((-0.239180) * X2))) * (15.004506 / (1.974905 * X1))))))))",
    "complexity": 63,
    "mse_train": 0.0007548010687838095,
    "mse_test": 0.00046408943438464164,
    "r2_train": 0.9780490701450613,
    "r2_test": 0.9866109393012668,
    "seed": 45,
    "algorithm": "Operon",
    "dataset": "nikuradse_1",
    "scenario": "C1",
    "fold": 5,
    "population_size": 500,
    "pool_size": 500,
    "generations": 400,
    "max_evaluations": 200000,
    "operators": "add,sub,mul,div,constant,variable"
  },
  {
    "model_id": 187,
    "expression": "((-0.002614) + (1.004229 * (((((34.185326 * X1) + 8717.851562) + ((395623.750000 + (1541.396240 * X1)) + 126471.453125)) / ((((-2777.509521) * X2) * ((-186.583160) * X2)) - ((-2791871.500000) - (((-550398.000000) + ((-10017.336914) * X1)) - (75050942464.000000 / (2581547520.000000 * X2)))))) + (((3127.929199 - (-3169.985352)) / (398.141815 - ((-1.685897) * X1))) * ((((-0.027055) * X2) / ((-0.639706) * X1)) - ((-1.273157) - (-1.237783)))))))",
    "complexity": 61,
    "mse_train": 0.0007578431710057122,
    "mse_test": 0.0005354491537310238,
    "r2_train": 0.9779606005134639,
    "r2_test": 0.9845521990176398,
    "seed": 45,
    "algorithm": "Operon",
    "dataset": "nikuradse_1",
    "scenario": "C1",
    "fold": 5,
    "population_size": 500,
    "pool_size": 500,
    "generations": 400,
    "max_evaluations": 200000,
    "operators": "add,sub,mul,div,constant,variable"
  },
  {
    "model_id": 188,
    "expression": "(0.000017 + (0.999991 * ((((((-0.701630) * X1) - (1.184854 * X2)) + ((((26.795820 * X2) - 91.100433) * (((-4.120927) / ((-0.618329) * X1)) * (0.087150 + ((-0.025485) * X2)))) * ((0.374575 * X1) - (47.644581 / (0.582189 * X1))))) / ((-0.967642) * X1)) + ((((((18.993841 * X2) / (1.181340 * X1)) * ((-1.267378) * X1)) / (0.184250 - (-0.356514))) / (((-0.127415) * X1) + 511.313141)) + ((-0.000028) * X1)))))",
    "complexity": 69,
    "mse_train": 0.0007676104536809877,
    "mse_test": 0.0006411296244157684,
    "r2_train": 0.977676550919809,
    "r2_test": 0.9815032991034565,
    "seed": 45,
    "algorithm": "Operon",
    "dataset": "nikuradse_1",
    "scenario": "C1",
    "fold": 5,
    "population_size": 500,
    "pool_size": 500,
    "generations": 400,
    "max_evaluations": 200000,
    "operators": "add,sub,mul,div,constant,variable"
  },
  {
    "model_id": 189,
    "expression": "((-0.000000) + (1.000000 * ((((-0.131210) + ((-3.398864) * X2)) / (((-0.645732) * X1) - 23.879118)) + ((((-5.585201) / ((-3.994798) * X2)) - 0.019796) - ((((((346159.218750 * X2) + (341786.031250 * X2)) - ((14151653099831296.000000 / ((-5152684076171264.000000) * X1)) / (-11836253410426880.000000))) + ((3105831.000000 + ((-122824.265625) * X1)) + 3105822.250000)) / (((466540.156250 * X1) + ((-3074796.750000) * X2)) - 17592516.000000)) / (((-4780.904785) * X2) * (16861.218750 * X2)))))))",
    "complexity": 65,
    "mse_train": 0.0009125329697177782,
    "mse_test": 0.0006279038415472689,
    "r2_train": 0.9734619517154776,
    "r2_test": 0.9818848652338068,
    "seed": 45,
    "algorithm": "Operon",
    "dataset": "nikuradse_1",
    "scenario": "C1",
    "fold": 5,
    "population_size": 500,
    "pool_size": 500,
    "generations": 400,
    "max_evaluations": 200000,
    "operators": "add,sub,mul,div,constant,variable"
  },
  {
    "model_id": 190,
    "expression": "(0.000001 + (1.000007 * ((((((0.037056 + (-0.115685)) / (((-0.153048) * X1) / ((-0.854406) * X1))) + (-71.704910)) / (((-1.786545) * X1) + (-318.400269))) * ((-0.006712) * X1)) - ((-0.241223) / ((((-11.190339) * X1) - 146.342163) / ((((94176370688.000000 - ((-40114872320.000000) * X1)) / (((60282151895040.000000 * X2) - (-681287845150720.000000)) - (-681191409713152.000000))) + ((((-2.782061) * X1) * 8.073195) + (-539.308655))) + ((-31.608959) * X2)))))))",
    "complexity": 61,
    "mse_train": 0.0012353600675499593,
    "mse_test": 0.0007406362808478759,
    "r2_train": 0.9640735773836742,
    "r2_test": 0.9786325148015814,
    "seed": 45,
    "algorithm": "Operon",
    "dataset": "nikuradse_1",
    "scenario": "C1",
    "fold": 5,
    "population_size": 500,
    "pool_size": 500,
    "generations": 400,
    "max_evaluations": 200000,
    "operators": "add,sub,mul,div,constant,variable"
  },
  {
    "model_id": 191,
    "expression": "(0.000072 + (0.999879 * ((((21.699268 + (151856896.000000 * X1)) + 22561007616.000000) / ((((183876304.000000 * X1) - (51647264.000000 * X2)) + ((-978246336.000000) * X2)) - (((-412819552.000000) * X1) + (-28357468160.000000)))) + (((((-0.081821) * (-3.816880)) * ((((-13.337461) * X1) + 237.499115) - ((-3171819.750000) / ((-422346.875000) * X2)))) / (1597221634048.000000 - ((-87115718656.000000) * X1))) / ((((-912748183552.000000) * X2) / ((-227869999104.000000) * X1)) - ((-2211932928.000000) - 2211931648.000000))))))",
    "complexity": 63,
    "mse_train": 0.0012418689170809992,
    "mse_test": 0.0007195985913480256,
    "r2_train": 0.963884288701661,
    "r2_test": 0.9792394557935652,
    "seed": 45,
    "algorithm": "Operon",
    "dataset": "nikuradse_1",
    "scenario": "C1",
    "fold": 5,
    "population_size": 500,
    "pool_size": 500,
    "generations": 400,
    "max_evaluations": 200000,
    "operators": "add,sub,mul,div,constant,variable"
  },
  {
    "model_id": 192,
    "expression": "(0.003248 + (0.994523 * ((((((-68275.664062) + (1.167349 * X1)) / ((-4.497491) * (-9.749424))) + 1339.389404) / ((((-2787.795166) * X2) * ((-171.870346) * X2)) - ((-3342183.750000) - (((-85.217178) + (29.430161 * X1)) - ((-391351.968750) / (13462.054688 * X2)))))) + (((3012.032959 - (-3055.083008)) / (405.347229 - ((-0.673625) * X1))) * ((((-0.076500) * X2) / ((-1.380806) * X1)) - ((-1.270003) - (-1.235377)))))))",
    "complexity": 59,
    "mse_train": 0.001454877134761255,
    "mse_test": 0.0010146266282756008,
    "r2_train": 0.9576896386962513,
    "r2_test": 0.9707278457426078,
    "seed": 45,
    "algorithm": "Operon",
    "dataset": "nikuradse_1",
    "scenario": "C1",
    "fold": 5,
    "population_size": 500,
    "pool_size": 500,
    "generations": 400,
    "max_evaluations": 200000,
    "operators": "add,sub,mul,div,constant,variable"
  },
  {
    "model_id": 193,
    "expression": "((-0.015565) + (1.026500 * (((((-4420.848145) + ((-256.537231) * X1)) / (-25.679520)) / (27.519566 * X1)) - ((0.213457 / ((-19.740082) * X2)) * (((-0.010375) / ((-6.313280) * X1)) * ((((0.713240 * X1) * 4.501598) - (((3.311832 * X1) * (-7.972468)) - (((0.811682 * X2) - 9.591937) / ((1.199564 * X1) + 685.863220)))) / ((((-2.655539) * X2) - ((-0.673921) * X1)) * (((-2.848822) * X1) - ((-14.714692) * X2)))))))))",
    "complexity": 67,
    "mse_train": 0.003982162850207367,
    "mse_test": 0.0043053930714941685,
    "r2_train": 0.8841917678565429,
    "r2_test": 0.8757886629274904,
    "seed": 45,
    "algorithm": "Operon",
    "dataset": "nikuradse_1",
    "scenario": "C1",
    "fold": 5,
    "population_size": 500,
    "pool_size": 500,
    "generations": 400,
    "max_evaluations": 200000,
    "operators": "add,sub,mul,div,constant,variable"
  },
  {
    "model_id": 194,
    "expression": "(0.235171 + (0.624008 * (((((((-137858.531250) * X2) + (244079.453125 * X2)) - (1438638538752.000000 / (-20845681753194496.000000))) + ((-4093.522217) / ((-12263.816406) * X1))) / ((((-2555.308838) * X2) * ((-130.192795) * X2)) - ((-2658820.500000) - ((-154741.000000) * X2)))) + (((3012.357910 - (-3054.414062)) / (404.923309 - ((-1.741930) * X1))) * ((((0.000118 * X2) - (0.000019 * X1)) * (5.623723 + 0.169706)) - ((-1.271813) - (-1.223204)))))))",
    "complexity": 61,
    "mse_train": 0.0044008478910311545,
    "mse_test": 0.00362561189075914,
    "r2_train": 0.8720156775692787,
    "r2_test": 0.895400467929658,
    "seed": 45,
    "algorithm": "Operon",
    "dataset": "nikuradse_1",
    "scenario": "C1",
    "fold": 5,
    "population_size": 500,
    "pool_size": 500,
    "generations": 400,
    "max_evaluations": 200000,
    "operators": "add,sub,mul,div,constant,variable"
  },
  {
    "model_id": 195,
    "expression": "(0.609738 + (0.068915 * ((((((2245.343262 * X2) + ((-2131.639648) * X2)) - (((-33638780928.000000) / (12248076288.000000 * X1)) / 28135118848.000000)) + (((-1201.118286) + ((-2.810453) * X1)) + (-1207.002930))) / ((-0.026230) + 580.194824)) + (((((-443.088562) * X2) * (822.666199 * X2)) / (((1480.383057 * (2951.694580 * X1)) + (38513828.000000 * X2)) - (1356451.875000 * X1))) * ((((-370.018463) * X2) / (17.142410 * X1)) - (62.824791 - (-60.856422)))))))",
    "complexity": 65,
    "mse_train": 0.004844764319426415,
    "mse_test": 0.004121493937331683,
    "r2_train": 0.859105814581326,
    "r2_test": 0.881094184853476,
    "seed": 45,
    "algorithm": "Operon",
    "dataset": "nikuradse_1",
    "scenario": "C1",
    "fold": 5,
    "population_size": 500,
    "pool_size": 500,
    "generations": 400,
    "max_evaluations": 200000,
    "operators": "add,sub,mul,div,constant,variable"
  },
  {
    "model_id": 196,
    "expression": "(0.005178 + (0.990170 * (((((((-2.792963) * (-2.618831)) * ((0.105893 * X2) / ((-0.679995) * X2))) / ((((-14.339699) * X2) - (-41.375473)) - ((-0.391743) * (-0.435143)))) + (((-0.407503) * X1) * ((1.148951 * X1) * 0.000003))) + ((((4.418015 * X1) * (-0.000518)) - ((-18.510227) / 25.169548)) / (((-146.293320) - ((-26.304186) * X2)) * (16.987747 + 8.483698)))) + 0.572612)))",
    "complexity": 57,
    "mse_train": 0.016088521014585293,
    "mse_test": 0.012838529855406776,
    "r2_train": 0.5321177845840839,
    "r2_test": 0.6296061862635043,
    "seed": 45,
    "algorithm": "Operon",
    "dataset": "nikuradse_1",
    "scenario": "C1",
    "fold": 5,
    "population_size": 500,
    "pool_size": 500,
    "generations": 400,
    "max_evaluations": 200000,
    "operators": "add,sub,mul,div,constant,variable"
  },
  {
    "model_id": 197,
    "expression": "((-0.001943) + (1.003266 * (((((-349.415771) / (0.415457 * X2)) + (((11.838726 * X1) + (-172.629013)) + 1132.832642)) / (((306.436279 * X2) * (12.380034 * X2)) - (21300.091797 - (-21956.669922)))) + (((((-3.324250) * X2) * ((-0.277300) * (-18.295103))) / (358.646088 - ((-1.833117) * X1))) * ((-2.409995) + (((((-15.165168) * X2) - (0.634810 * X1)) * (0.231275 + ((-0.035437) * X2))) * (10.485229 / (2.932619 * X1))))))))",
    "complexity": 65,
    "mse_train": 0.00028229656955965,
    "mse_test": 0.00019883292870996039,
    "r2_train": 0.9917903240297762,
    "r2_test": 0.9942636355103958,
    "seed": 45,
    "algorithm": "Operon",
    "dataset": "nikuradse_1",
    "scenario": "C1",
    "fold": 5,
    "population_size": 500,
    "pool_size": 500,
    "generations": 400,
    "max_evaluations": 200000,
    "operators": "add,sub,mul,div,constant,variable"
  },
  {
    "model_id": 198,
    "expression": "(0.000000 + (0.999999 * ((((((-5.618929) * X2) * ((-5.482766) * X2)) / (1665.631348 - ((-28.645781) * X1))) + (((((((-0.011155) * X2) + ((-0.000651) * X1)) * ((-4.167133) * X1)) * ((-0.494587) * (1.130914 * X2))) * (((-1.348250) / ((-1.391343) * X1)) * (1.567180 + ((-0.261671) * X2)))) * ((((-0.503623) + (-0.186562)) - ((-0.147662) * X2)) - ((-3.646432) / ((-0.271853) * X1))))) - ((-0.484363) + ((2.074777 * X1) / (8.864625 * X1))))))",
    "complexity": 71,
    "mse_train": 0.00031074321763423495,
    "mse_test": 0.0003007152731866861,
    "r2_train": 0.9909630459530513,
    "r2_test": 0.9913243121962659,
    "seed": 45,
    "algorithm": "Operon",
    "dataset": "nikuradse_1",
    "scenario": "C1",
    "fold": 5,
    "population_size": 500,
    "pool_size": 500,
    "generations": 400,
    "max_evaluations": 200000,
    "operators": "add,sub,mul,div,constant,variable"
  },
  {
    "model_id": 199,
    "expression": "(0.000647 + (0.999065 * (((((3.762164 * X1) - (((-3620.036865) * X2) / ((((-1.816675) + ((-17.034763) * X1)) / (2.261209 * X1)) - ((-6.537268) / 1.450810)))) + ((1925.712158 + ((-4.690457) * X1)) + 1930.340210)) / (((23.951809 * X2) * (8.676764 * X2)) - (((4274.724609 * X2) + ((-1.093203) * X1)) - 11799.539062))) + (((-8.648354) / ((-1.986775) * X1)) - ((((-2.823277) * X1) + (15.016110 * X2)) / (((-3.161390) * X1) - 1792.744751))))))",
    "complexity": 71,
    "mse_train": 0.0003239578313562977,
    "mse_test": 0.000332782315170492,
    "r2_train": 0.9905787419677105,
    "r2_test": 0.9903991724715935,
    "seed": 45,
    "algorithm": "Operon",
    "dataset": "nikuradse_1",
    "scenario": "C1",
    "fold": 5,
    "population_size": 500,
    "pool_size": 500,
    "generations": 400,
    "max_evaluations": 200000,
    "operators": "add,sub,mul,div,constant,variable"
  },
  {
    "model_id": 200,
    "expression": "((-0.002923) + (1.004918 * (((((-554.628357) / (0.196874 * X2)) + (((1.481409 * X2) * (1.513080 * X1)) + 1305.013306)) / (((323.156982 * X2) * (10.299397 * X2)) - (19271.244141 - (-19927.820312)))) + (((((-3.330298) * X2) * ((-0.279015) * (-18.328392))) / (358.327087 - ((-2.086364) * X1))) * ((-2.414653) + (((((-15.348127) * X2) - (1.106345 * X1)) * (0.203951 + ((-0.031212) * X2))) * (10.567098 / (2.909632 * X1))))))))",
    "complexity": 67,
    "mse_train": 0.000341859168889991,
    "mse_test": 0.00021916817248012981,
    "r2_train": 0.9900581398902057,
    "r2_test": 0.9936769601995834,
    "seed": 45,
    "algorithm": "Operon",
    "dataset": "nikuradse_1",
    "scenario": "C1",
    "fold": 5,
    "population_size": 500,
    "pool_size": 500,
    "generations": 400,
    "max_evaluations": 200000,
    "operators": "add,sub,mul,div,constant,variable"
  },
  {
    "model_id": 201,
    "expression": "((-0.000024) + (1.000060 * ((((((-4.525439) * X1) - (((-1901.872803) * X2) / (((((-81.604622) * X1) - ((-42.413586) * X2)) + (43.933147 * X2)) * (0.060965 / (2.137596 * X1))))) + (4492.622559 + 4515.277832)) / (((0.148744 * X2) * ((-0.073407) * X2)) - ((12.262132 * X1) - 15394.861328))) + (((((-4.299478) * X2) * (0.166114 * X2)) / (1.447622 - ((-13.730750) * X1))) * ((((-7.409021) * X2) / ((-0.448928) * X1)) - (8.830086 - (-3.746693)))))))",
    "complexity": 73,
    "mse_train": 0.0007481246326039949,
    "mse_test": 0.0005712772538490421,
    "r2_train": 0.978243232538737,
    "r2_test": 0.9835185521132743,
    "seed": 45,
    "algorithm": "Operon",
    "dataset": "nikuradse_1",
    "scenario": "C1",
    "fold": 5,
    "population_size": 500,
    "pool_size": 500,
    "generations": 400,
    "max_evaluations": 200000,
    "operators": "add,sub,mul,div,constant,variable"
  },
  {
    "model_id": 202,
    "expression": "(0.000431 + (0.999194 * ((((((831.301941 * X2) + ((-1134.226929) + (-1139.390137))) - (((-565.656372) * X2) / (((0.427882 * X1) * ((-0.565801) * X1)) * (0.358899 / (1.708248 * X1))))) + ((-1144.308960) + (-3739.153320))) / (((14.491060 * X2) * ((-26.702797) * X2)) - (8696.023438 - (598.477539 * X2)))) + ((((2.230643 * X2) * ((-1.345374) * X2)) / (1147.627563 - ((-6.158330) * X1))) * (2.766773 - (5.583689 - (-2.632070)))))))",
    "complexity": 67,
    "mse_train": 0.0007591661982886317,
    "mse_test": 0.000630023987780136,
    "r2_train": 0.9779221245755187,
    "r2_test": 0.9818236986471559,
    "seed": 45,
    "algorithm": "Operon",
    "dataset": "nikuradse_1",
    "scenario": "C1",
    "fold": 5,
    "population_size": 500,
    "pool_size": 500,
    "generations": 400,
    "max_evaluations": 200000,
    "operators": "add,sub,mul,div,constant,variable"
  },
  {
    "model_id": 203,
    "expression": "((-0.010206) + (1.017220 * ((((((464.791443 * X2) + ((-1114.479614) * X2)) - (((-483.084290) * X2) / (((0.192600 * X1) * ((-0.207256) * X1)) * (((0.375180 * X1) * (0.003841 * X1)) / (0.227038 * X1))))) + ((-5.893537) + (-2600.856689))) / (((21.941200 * X2) * ((-41.879112) * X2)) - (9.867036 - (8.076221 * X2)))) + ((((2.302585 * X2) * ((-2.121324) * X2)) / (1043.589844 - ((-14.009462) * X1))) * (3.380945 - (4.995068 - (-2.332763)))))))",
    "complexity": 73,
    "mse_train": 0.0008762646804798329,
    "mse_test": 0.0009630285187083375,
    "r2_train": 0.9745166967416121,
    "r2_test": 0.9722164601555863,
    "seed": 45,
    "algorithm": "Operon",
    "dataset": "nikuradse_1",
    "scenario": "C1",
    "fold": 5,
    "population_size": 500,
    "pool_size": 500,
    "generations": 400,
    "max_evaluations": 200000,
    "operators": "add,sub,mul,div,constant,variable"
  },
  {
    "model_id": 204,
    "expression": "((-0.000190) + (1.000315 * (((((13.040336 + (-52.194466)) + (-84.240990)) / (((-0.693016) * X1) + (-290.443512))) * ((10.957413 / (1.265181 * X1)) + 1.297181)) - ((-0.000124) / (((0.089972 * X1) - 45.627888) / ((((11373.249023 - (169.973419 * X1)) / (((1715.455200 * X2) - 5922.087402) - ((1.570919 * X1) * (9.027049 * X1)))) + ((((-0.000492) * X1) * (-0.013560)) + (-46.725662))) + (8.129987 * X2)))))))",
    "complexity": 63,
    "mse_train": 0.0008787845630775345,
    "mse_test": 0.0006694778018007358,
    "r2_train": 0.9744434141663317,
    "r2_test": 0.9806854492676612,
    "seed": 45,
    "algorithm": "Operon",
    "dataset": "nikuradse_1",
    "scenario": "C1",
    "fold": 5,
    "population_size": 500,
    "pool_size": 500,
    "generations": 400,
    "max_evaluations": 200000,
    "operators": "add,sub,mul,div,constant,variable"
  },
  {
    "model_id": 205,
    "expression": "((-0.000277) + (1.000509 * (((((((-0.000028) * X1) + ((-137.286041) * X2)) + (11367.206055 / (5997.695801 * X2))) - ((-10.940066) + ((-0.000000) * X1))) - ((((-0.015142) * ((-3.241537) * X2)) + ((-7.069382) / (-0.211582))) + (((-137.370010) * X2) - 22.199371))) - ((((0.625212 * X2) * ((-25.693922) * X1)) - ((-3.180436) * 82.360146)) / ((((4.009580 * X1) + (13.668439 * X2)) * (0.973321 * X1)) + ((0.860515 * X1) - (-32.900654)))))))",
    "complexity": 69,
    "mse_train": 0.0008836538306953855,
    "mse_test": 0.0005699716825785342,
    "r2_train": 0.974301807382313,
    "r2_test": 0.9835562180709373,
    "seed": 45,
    "algorithm": "Operon",
    "dataset": "nikuradse_1",
    "scenario": "C1",
    "fold": 5,
    "population_size": 500,
    "pool_size": 500,
    "generations": 400,
    "max_evaluations": 200000,
    "operators": "add,sub,mul,div,constant,variable"
  },
  {
    "model_id": 206,
    "expression": "((-0.000279) + (1.000562 * ((((((-26.301516) - (0.000028 * X1)) + (11367.206055 / (5997.695801 * X2))) - (13.504365 - (-9.209208))) - ((((-42.357182) * ((-3.242310) * X2)) + (13.348845 + 15.892280)) + (((-137.370010) * X2) - 77.983673))) - ((((0.625342 * X2) * ((-25.693922) * X1)) - ((-3.180436) * 82.360146)) / ((((4.013182 * X1) + (13.668439 * X2)) * (0.973525 * X1)) + ((0.860515 * X1) - (-32.900654)))))))",
    "complexity": 65,
    "mse_train": 0.0008840566943268505,
    "mse_test": 0.0005698076044519802,
    "r2_train": 0.974290091406169,
    "r2_test": 0.9835609517533549,
    "seed": 45,
    "algorithm": "Operon",
    "dataset": "nikuradse_1",
    "scenario": "C1",
    "fold": 5,
    "population_size": 500,
    "pool_size": 500,
    "generations": 400,
    "max_evaluations": 200000,
    "operators": "add,sub,mul,div,constant,variable"
  },
  {
    "model_id": 207,
    "expression": "(0.000574 + (0.999554 * ((((76267.976562 / ((-43.399254) * X2)) + (((5.775938 * X2) * ((-4.629070) * X1)) + 153400.031250)) / (((207.415314 * X2) * (8.031901 * X2)) - ((-165484.796875) - 164826.531250))) + (((((-3.453114) * X2) * ((-0.000953) * (-19.004305))) / ((-4.141973) * (-3.229640))) * ((-2.263232) + ((((-5.955797) - (2.865908 * X2)) * (2.164617 + ((-0.231851) * X2))) * (15.627000 / (1.537304 * X1))))))))",
    "complexity": 63,
    "mse_train": 0.001279270566641668,
    "mse_test": 0.0009317808648409718,
    "r2_train": 0.9627965835831612,
    "r2_test": 0.9731179603909406,
    "seed": 45,
    "algorithm": "Operon",
    "dataset": "nikuradse_1",
    "scenario": "C1",
    "fold": 5,
    "population_size": 500,
    "pool_size": 500,
    "generations": 400,
    "max_evaluations": 200000,
    "operators": "add,sub,mul,div,constant,variable"
  },
  {
    "model_id": 208,
    "expression": "(0.002663 + (0.995513 * (((0.016764 * X2) * ((-0.418792) * X2)) + ((((0.000929 * X1) - ((-0.119184) * X2)) + (((((-0.602300) * X2) - 2.813503) * ((0.000835 / ((0.906806 * X1) - ((399.851074 / ((-2532.493652) * X1)) + ((0.090894 * X2) + (0.658998 * X1))))) * ((-5.446345) + (0.561325 * X2)))) * ((((-3.261648) + (-1.443710)) - ((-0.662446) * X2)) - ((-79.267929) + ((-1.022467) * X1))))) - ((0.000053 * X2) * (4.876724 * X1))))))",
    "complexity": 73,
    "mse_train": 0.001305642201429667,
    "mse_test": 0.0011295624527051422,
    "r2_train": 0.9620296505072394,
    "r2_test": 0.9674119272671386,
    "seed": 45,
    "algorithm": "Operon",
    "dataset": "nikuradse_1",
    "scenario": "C1",
    "fold": 5,
    "population_size": 500,
    "pool_size": 500,
    "generations": 400,
    "max_evaluations": 200000,
    "operators": "add,sub,mul,div,constant,variable"
  },
  {
    "model_id": 209,
    "expression": "(0.000000 + (1.000002 * (((((-1431.960571) + ((-224.184158) * X1)) / (-29.004391)) / (31.154932 * X1)) - ((97.522423 / (5633.596191 * X2)) * (((-4.813223) / (1897.326538 * X1)) * ((((319.765167 * X1) * 2038.161255) - (301513900032.000000 / 227083141120.000000)) / ((((-2365.994385) * X1) + ((-27436.054688) * X2)) / ((((1147.111816 * X2) * ((-1359.630127) * X2)) / (946.985291 * (-25096.736328))) * ((-2514.477051) - (2606.424316 - (-2599.587646)))))))))))",
    "complexity": 63,
    "mse_train": 0.0014020257022108642,
    "mse_test": 0.0008567339989445304,
    "r2_train": 0.9592266504157975,
    "r2_test": 0.9752830754922345,
    "seed": 45,
    "algorithm": "Operon",
    "dataset": "nikuradse_1",
    "scenario": "C1",
    "fold": 5,
    "population_size": 500,
    "pool_size": 500,
    "generations": 400,
    "max_evaluations": 200000,
    "operators": "add,sub,mul,div,constant,variable"
  },
  {
    "model_id": 210,
    "expression": "((-0.004268) + (1.007230 * ((((((1973.645264 * X2) + ((-2462.455811) * X2)) - ((25104885760.000000 / ((-9140779008.000000) * X1)) / (-21003560960.000000))) + (((-492.897308) * X2) / (138.054886 * X1))) / ((((-2.814137) * X1) + ((-2974.259033) * X2)) - (-7610.833008))) + (((((-6647.897461) * X2) * (115.931190 * X2)) / ((((-9359.890625) * ((-680.088928) * X1)) + (202582.296875 * X2)) - (22100.744141 * X1))) * (((7213.030762 / (215.895981 * X1)) - 4.349774) + ((-0.412843) / (-24.727348)))))))",
    "complexity": 71,
    "mse_train": 0.0014576450086233443,
    "mse_test": 0.0014863875964046022,
    "r2_train": 0.957609144103031,
    "r2_test": 0.9571174599643847,
    "seed": 45,
    "algorithm": "Operon",
    "dataset": "nikuradse_1",
    "scenario": "C1",
    "fold": 5,
    "population_size": 500,
    "pool_size": 500,
    "generations": 400,
    "max_evaluations": 200000,
    "operators": "add,sub,mul,div,constant,variable"
  },
  {
    "model_id": 211,
    "expression": "((-0.017230) + (1.030513 * (((((-4420.848145) + ((-256.537231) * X1)) / (-25.679520)) / (27.519566 * X1)) - ((0.213457 / ((-19.740082) * X2)) * (((-0.010375) / ((-6.313280) * X1)) * ((((0.713240 * X1) * ((((-8.889420) * X1) * ((-16.044138) * X2)) - ((54.589283 * X2) / 51.354893))) - (((190.472351 + ((-0.401803) * X1)) + (-194.945236)) / (-5810.175781))) / ((((-2.655539) * X2) - ((-0.673921) * X1)) * (((-2.848822) * X1) - ((-14.714692) * X2)))))))))",
    "complexity": 71,
    "mse_train": 0.003951716013499889,
    "mse_test": 0.00426248927879034,
    "r2_train": 0.8850772149028057,
    "r2_test": 0.8770264447905467,
    "seed": 45,
    "algorithm": "Operon",
    "dataset": "nikuradse_1",
    "scenario": "C1",
    "fold": 5,
    "population_size": 500,
    "pool_size": 500,
    "generations": 400,
    "max_evaluations": 200000,
    "operators": "add,sub,mul,div,constant,variable"
  },
  {
    "model_id": 212,
    "expression": "(0.034651 + (1.001932 * (((((((-2.491340) * (-1.579165)) * ((0.164707 * X2) / ((-0.305302) * X2))) / ((((-16.082712) * X2) - (-36.582714)) - ((-2.360620) * (-807.230652)))) + ((1.812307 - (-1.944969)) * ((0.000291 * X1) * (-0.763619)))) + ((((6.056829 * X1) * 0.000145) - ((-4.423533) / 44.545963)) / (((-146.366852) - ((-26.269461) * X2)) * (17.441633 + 7.415331)))) + 0.630403)))",
    "complexity": 57,
    "mse_train": 0.01096977247043873,
    "mse_test": 0.008724547515772639,
    "r2_train": 0.6809799085059217,
    "r2_test": 0.748295290513237,
    "seed": 45,
    "algorithm": "Operon",
    "dataset": "nikuradse_1",
    "scenario": "C1",
    "fold": 5,
    "population_size": 500,
    "pool_size": 500,
    "generations": 400,
    "max_evaluations": 200000,
    "operators": "add,sub,mul,div,constant,variable"
  },
  {
    "model_id": 213,
    "expression": "(0.116224 + (0.787678 * (((((1.066063 * X1) - (((-2010.409180) * X2) / (((((-85.294197) * X1) - (80.115021 * X2)) + ((-78.595627) * X2)) * (0.100087 / (2.259549 * X1))))) + (((1223.325684 / ((-5927.965332) * X1)) + ((-7.481079) * X1)) + 1445.362915)) / (((17.437164 * X2) * ((-6.214875) * X2)) - (((4071.687500 * X2) + ((-5.137917) * X1)) - 12291.769531))) + (((0.015546 * X2) - (0.000234 * X1)) * ((6.805288 - (-1.721881)) + (-0.286985))))))",
    "complexity": 73,
    "mse_train": 0.016121120056395963,
    "mse_test": 0.013680824932539632,
    "r2_train": 0.531169747664532,
    "r2_test": 0.605305827155072,
    "seed": 45,
    "algorithm": "Operon",
    "dataset": "nikuradse_1",
    "scenario": "C1",
    "fold": 5,
    "population_size": 500,
    "pool_size": 500,
    "generations": 400,
    "max_evaluations": 200000,
    "operators": "add,sub,mul,div,constant,variable"
  },
  {
    "model_id": 214,
    "expression": "((-0.000316) + (1.000547 * (((((0.411392 * X2) - (0.512296 * X1)) * 3.263743) * (((-0.220164) * X2) - ((((((-51.105011) + (16.793171 * X2)) - ((-14.819014) * X2)) - (2.902277 + (2.516289 * X1))) - (((-45.942059) + ((4.734767 * X1) - 50.824078)) / ((2.506810 * X2) / (-5.904737)))) / (((1.175026 - ((-0.032752) * X1)) * ((9.343286 * X2) - (0.024342 * X1))) + (((-45.044025) - ((-2.450781) * X1)) - (2.891255 * X1)))))) / (5.049712 * X1))))",
    "complexity": 75,
    "mse_train": 0.0001678190968092963,
    "mse_test": 0.00017933327863998503,
    "r2_train": 0.9951195283436527,
    "r2_test": 0.994826203797987,
    "seed": 45,
    "algorithm": "Operon",
    "dataset": "nikuradse_1",
    "scenario": "C1",
    "fold": 5,
    "population_size": 500,
    "pool_size": 500,
    "generations": 400,
    "max_evaluations": 200000,
    "operators": "add,sub,mul,div,constant,variable"
  },
  {
    "model_id": 215,
    "expression": "(0.000081 + (0.999878 * (((((((-11.924615) + ((-21.099888) * X2)) + (2.485009 * X2)) - ((2768058112.000000 * X2) / (22727376.000000 * X1))) + ((211.198776 + (0.059679 * X1)) + (-119.312553))) / (((-0.008963) * X1) - ((-15.483199) * X2))) + (((((((-88.001526) * X1) - ((-101.264214) * X2)) + (623.728821 * X2)) - (2635.927002 - (-2599.638184))) / ((-500.136749) - (0.422234 * X1))) * ((((-0.432027) * X2) / (((-249.004272) * X1) / (90.218132 * X2))) - ((-0.264893) - (-0.271504)))))))",
    "complexity": 75,
    "mse_train": 0.0003055521249466641,
    "mse_test": 0.00032151105673412415,
    "r2_train": 0.9911140119706789,
    "r2_test": 0.9907243502329784,
    "seed": 45,
    "algorithm": "Operon",
    "dataset": "nikuradse_1",
    "scenario": "C1",
    "fold": 5,
    "population_size": 500,
    "pool_size": 500,
    "generations": 400,
    "max_evaluations": 200000,
    "operators": "add,sub,mul,div,constant,variable"
  },
  {
    "model_id": 216,
    "expression": "((-0.000093) + (1.000165 * (((((5.427067 * X1) - (((-1947.754028) * X2) / (((1.389282 * X2) / ((-0.220078) * X1)) - (2.553624 - 0.124618)))) + ((409.189056 + ((-2.164046) * X1)) + 413.760437)) / (((0.845338 * X2) * ((-0.411708) * X2)) - (((4517.330078 * X2) + ((-9.149037) * X1)) - 12361.685547))) + (((((-4.623536) * X2) * (0.178262 * X2)) / ((-49.759190) - ((-12.869865) * X1))) * ((((-8.341560) * X2) / ((-0.393508) * X1)) - (8.366909 - (-3.283678)))))))",
    "complexity": 75,
    "mse_train": 0.0003356442042332809,
    "mse_test": 0.00030177590314487784,
    "r2_train": 0.9902388818881604,
    "r2_test": 0.9912937128379591,
    "seed": 45,
    "algorithm": "Operon",
    "dataset": "nikuradse_1",
    "scenario": "C1",
    "fold": 5,
    "population_size": 500,
    "pool_size": 500,
    "generations": 400,
    "max_evaluations": 200000,
    "operators": "add,sub,mul,div,constant,variable"
  },
  {
    "model_id": 217,
    "expression": "((-0.000879) + (1.001484 * (((((0.789131 * X2) - (0.714416 * X1)) * 4.117818) * (((-0.028355) * X2) - ((((((-60.538925) + (16.167713 * X2)) - ((-13.888996) * X2)) - (12.774679 + ((-0.121364) * X1))) - (((-18.016552) + (46.025913 + ((-12.750492) * X2))) / ((1.046683 * X2) / (-7.431139)))) / (((0.611832 - ((-0.043766) * X1)) * ((10.315088 * X2) - (0.006757 * X1))) + (((-24.315603) - ((-2.186351) * X1)) - (3.603582 * X1)))))) / (3.709679 * X1))))",
    "complexity": 75,
    "mse_train": 0.000340581415202764,
    "mse_test": 0.00022757916589962116,
    "r2_train": 0.9900952991931269,
    "r2_test": 0.9934343015801741,
    "seed": 45,
    "algorithm": "Operon",
    "dataset": "nikuradse_1",
    "scenario": "C1",
    "fold": 5,
    "population_size": 500,
    "pool_size": 500,
    "generations": 400,
    "max_evaluations": 200000,
    "operators": "add,sub,mul,div,constant,variable"
  },
  {
    "model_id": 218,
    "expression": "((-0.000865) + (1.001449 * (((((0.736212 * X2) - (0.667653 * X1)) * 3.763337) * (((-0.029024) * X2) - ((((((-122.813858) + (18.883438 * X2)) - ((-17.292364) * X2)) - (74.239479 + ((-0.145711) * X1))) - ((98.761978 + (70.956680 / 3.446586)) / ((2.624809 * X2) / (-5.253066)))) / (((0.763530 - ((-0.054463) * X1)) * ((9.776428 * X2) - (0.006421 * X1))) + (((-28.745398) - ((-1.851265) * X1)) - (3.523367 * X1)))))) / (3.237112 * X1))))",
    "complexity": 73,
    "mse_train": 0.0003405856103580615,
    "mse_test": 0.00022746839620155243,
    "r2_train": 0.9900951771907034,
    "r2_test": 0.9934374973051813,
    "seed": 45,
    "algorithm": "Operon",
    "dataset": "nikuradse_1",
    "scenario": "C1",
    "fold": 5,
    "population_size": 500,
    "pool_size": 500,
    "generations": 400,
    "max_evaluations": 200000,
    "operators": "add,sub,mul,div,constant,variable"
  },
  {
    "model_id": 219,
    "expression": "((-0.000111) + (1.000187 * ((((-0.116437) * (1.436532 * X2)) * (((-1.238021) / (0.283000 * X1)) + 1.212371)) - (0.009428 / (((0.183647 - (-0.032195)) - ((((-1.663418) * X2) - (-9.781885)) - (-8.882333))) / (((((((-8.995796) * X2) + (0.093591 * X1)) * (((-158.859482) * X1) + (-18329.318359))) / (((201.765717 * X2) - 4193.184570) - ((11.934301 * X1) - ((-45.006065) * X2)))) + (((-1.054119) * X1) + 1851.549072)) + (12.987095 * X2)))))))",
    "complexity": 69,
    "mse_train": 0.0008809966261503368,
    "mse_test": 0.0008143815835961553,
    "r2_train": 0.9743790835190209,
    "r2_test": 0.9765049500229254,
    "seed": 45,
    "algorithm": "Operon",
    "dataset": "nikuradse_1",
    "scenario": "C1",
    "fold": 5,
    "population_size": 500,
    "pool_size": 500,
    "generations": 400,
    "max_evaluations": 200000,
    "operators": "add,sub,mul,div,constant,variable"
  },
  {
    "model_id": 220,
    "expression": "(0.000026 + (0.999944 * ((((((((3.375610 * X2) + (3.090194 * X2)) / ((6.947191 * X1) - 97.675880)) + ((0.018652 * X1) + 4.177473)) - ((37817450496.000000 * X2) / ((-16337296384.000000) * X1))) + ((238.653839 + (0.329736 * X1)) + (-174.739441))) / ((((1.430146 * X1) - (0.436607 * X2)) + ((-1.520937) * X2)) - ((-45.471889) - 45.123718))) + (((((-0.003941) * X2) * (0.001245 * X2)) / ((-1546.148438) - ((-5.814129) * X1))) * (((-0.000018) * X1) / ((-85.383682) * X1))))))",
    "complexity": 77,
    "mse_train": 0.0012341162676385888,
    "mse_test": 0.0007224260840156651,
    "r2_train": 0.9641097492516499,
    "r2_test": 0.9791578821395508,
    "seed": 45,
    "algorithm": "Operon",
    "dataset": "nikuradse_1",
    "scenario": "C1",
    "fold": 5,
    "population_size": 500,
    "pool_size": 500,
    "generations": 400,
    "max_evaluations": 200000,
    "operators": "add,sub,mul,div,constant,variable"
  },
  {
    "model_id": 221,
    "expression": "(0.000071 + (0.999880 * ((((21.699268 + (0.985349 * X1)) + ((241.596313 + ((-0.417976) * X1)) + (-179.002487))) / ((((0.565589 * X1) - ((-0.334630) * X2)) + ((-4.183151) * X2)) - (((-1.663805) * X1) + (-105.953041)))) + (((((-0.081821) * (-3.816880)) * ((((-13.337461) * X1) + 237.499115) - ((-3171819.750000) / ((-422346.875000) * X2)))) / (1597221634048.000000 - ((-87115718656.000000) * X1))) / ((((-912748183552.000000) * X2) / ((-227869999104.000000) * X1)) - ((-2211932928.000000) - 2211931648.000000))))))",
    "complexity": 69,
    "mse_train": 0.001241868886869661,
    "mse_test": 0.0007195999234020294,
    "r2_train": 0.9638842895802593,
    "r2_test": 0.9792394173635761,
    "seed": 45,
    "algorithm": "Operon",
    "dataset": "nikuradse_1",
    "scenario": "C1",
    "fold": 5,
    "population_size": 500,
    "pool_size": 500,
    "generations": 400,
    "max_evaluations": 200000,
    "operators": "add,sub,mul,div,constant,variable"
  },
  {
    "model_id": 222,
    "expression": "(0.000048 + (0.999862 * ((((((28.934620 * X2) + ((192598.968750 + (33784.851562 * X2)) / ((-19988.484375) * X1))) - (((-515.132080) * X2) / ((((-1.911539) * X1) / ((-0.679769) * X2)) * (0.274831 / (0.052706 * X1))))) + ((-1429.045166) + (-4024.012939))) / (((3.208444 * X2) * ((-8.539632) * X2)) - ((5.267235 * X1) - ((-2594.199463) * X2)))) + ((((1.531741 * X2) * ((-2.741825) * X2)) / (479.635406 - ((-17.669077) * X1))) * (3.658862 - (4.717080 - (-2.054846)))))))",
    "complexity": 75,
    "mse_train": 0.0012775073551592844,
    "mse_test": 0.0011719034213283784,
    "r2_train": 0.962847860844376,
    "r2_test": 0.9661903829764539,
    "seed": 45,
    "algorithm": "Operon",
    "dataset": "nikuradse_1",
    "scenario": "C1",
    "fold": 5,
    "population_size": 500,
    "pool_size": 500,
    "generations": 400,
    "max_evaluations": 200000,
    "operators": "add,sub,mul,div,constant,variable"
  },
  {
    "model_id": 223,
    "expression": "(0.000196 + (0.999404 * ((((((0.129145 * X2) * (54.200943 * X2)) - (((((-1.123385) * X2) * (0.008848 * X1)) - (((-42.652889) * X2) / 2.271861)) - (((-0.619327) * X1) + 400.652191))) + ((((-26.365452) * X2) - (24.820637 * X2)) + 219.620132)) / (((((-1.091552) * X1) - ((-94.962608) * X2)) + (34.476765 * X2)) - ((-226.316711) - 188.046234))) + ((((1.759970 * X2) * ((-7.285900) * X2)) / ((-695.426636) - ((-4.531293) * X1))) * (25806.345703 / (2567.866699 * X1))))))",
    "complexity": 77,
    "mse_train": 0.0012854840204267594,
    "mse_test": 0.0011608788484000112,
    "r2_train": 0.9626158855239849,
    "r2_test": 0.9665084438181347,
    "seed": 45,
    "algorithm": "Operon",
    "dataset": "nikuradse_1",
    "scenario": "C1",
    "fold": 5,
    "population_size": 500,
    "pool_size": 500,
    "generations": 400,
    "max_evaluations": 200000,
    "operators": "add,sub,mul,div,constant,variable"
  },
  {
    "model_id": 224,
    "expression": "(0.004318 + (0.992723 * ((((((3.797548 + 3.644808) / (((-3.035912) * X1) / (47.576210 * X1))) + (-81.353302)) / (((-1.876409) * X1) + (-117.786728))) * ((0.000090 * X1) * ((-15.824215) * X2))) - ((-0.395936) / ((4419.340820 + (((-952.907898) * X1) / 255.564743)) / (((((-44201169387520.000000) - (5030124544.000000 * X1)) / ((((-631871226511360.000000) * X2) - 3490081297924096.000000) - 3490080492617728.000000)) + ((((-5.711160) * X1) * 1.357517) + 6238.544434)) + (789.245300 * X2)))))))",
    "complexity": 67,
    "mse_train": 0.0013559507150679823,
    "mse_test": 0.0007793169768647651,
    "r2_train": 0.9605665912991221,
    "r2_test": 0.9775165700106252,
    "seed": 45,
    "algorithm": "Operon",
    "dataset": "nikuradse_1",
    "scenario": "C1",
    "fold": 5,
    "population_size": 500,
    "pool_size": 500,
    "generations": 400,
    "max_evaluations": 200000,
    "operators": "add,sub,mul,div,constant,variable"
  },
  {
    "model_id": 225,
    "expression": "((-0.026104) + (1.049190 * (((((((-0.494370) * X2) - 0.873920) + (8.034575 / (1.756499 * X1))) - (((49.445671 - (-43.848564)) - 0.203467) * ((-0.033370) - (0.000032 * X1)))) - ((((-106.393829) / (215.895981 * X1)) / (-0.829318)) + ((-0.412843) / (-0.346474)))) - ((((((-0.606492) * X1) + (68.914520 * X2)) - (-1.032211)) / ((((-2.811468) * X2) - (-50.994904)) - ((0.137359 * X2) / ((-0.184079) * X1)))) * (-0.205211)))))",
    "complexity": 65,
    "mse_train": 0.0013650596034905428,
    "mse_test": 0.0012929863434549362,
    "r2_train": 0.9603016889571816,
    "r2_test": 0.9626971196659412,
    "seed": 45,
    "algorithm": "Operon",
    "dataset": "nikuradse_1",
    "scenario": "C1",
    "fold": 5,
    "population_size": 500,
    "pool_size": 500,
    "generations": 400,
    "max_evaluations": 200000,
    "operators": "add,sub,mul,div,constant,variable"
  },
  {
    "model_id": 226,
    "expression": "(0.000092 + (0.999841 * ((((((((280.299622 * X2) + (442.928833 * X2)) + (234.210205 * X2)) / (((-438.717468) * X1) - 743.728699)) - ((((0.100287 * X1) - 532.919434) + (1.682491 * X1)) + (-192.325562))) + (((-1297.402222) + (1.782250 * X1)) + 572.442688)) / ((583.427612 * X2) - 3305.651855)) + ((((0.546674 * X2) / ((-3.042509) * X1)) - ((-0.221550) - (-0.307894))) * (((0.267359 * X2) + (0.004033 * X1)) - (4.695229 - (-2.016933)))))))",
    "complexity": 71,
    "mse_train": 0.0014052152229118498,
    "mse_test": 0.0010687286113267554,
    "r2_train": 0.9591338935980428,
    "r2_test": 0.9691669941452121,
    "seed": 45,
    "algorithm": "Operon",
    "dataset": "nikuradse_1",
    "scenario": "C1",
    "fold": 5,
    "population_size": 500,
    "pool_size": 500,
    "generations": 400,
    "max_evaluations": 200000,
    "operators": "add,sub,mul,div,constant,variable"
  },
  {
    "model_id": 227,
    "expression": "(0.162468 + (0.748823 * (((((((((-1816.454590) * X2) + ((-1653.825806) * X2)) + ((-1862.531250) * X2)) / (((-325.533905) * X1) - (-296.214600))) - ((((0.099034 * X1) - 532.191284) + (1.682096 * X1)) + (-191.597412))) + (((-1298.130371) + (1.784665 * X1)) + 571.646729)) / ((582.845459 * X2) - 3305.574219)) + (((((-3.724888) * X2) * ((-0.621518) * X2)) / ((-110.226616) - (1.486081 * X1))) * (((0.753230 * X2) + ((-0.001674) * X1)) - (4.126282 - (-1.447987)))))))",
    "complexity": 73,
    "mse_train": 0.0039000789932645105,
    "mse_test": 0.0020122415170928725,
    "r2_train": 0.8865789093968678,
    "r2_test": 0.9419464831200234,
    "seed": 45,
    "algorithm": "Operon",
    "dataset": "nikuradse_1",
    "scenario": "C1",
    "fold": 5,
    "population_size": 500,
    "pool_size": 500,
    "generations": 400,
    "max_evaluations": 200000,
    "operators": "add,sub,mul,div,constant,variable"
  },
  {
    "model_id": 228,
    "expression": "((-0.125334) + (1.186836 * (((0.693147 * X1) + (-653.176392)) / (((((46178.648438 + ((-14727.461914) * X2)) / (-13.448833)) * ((3645.107910 + (92.684975 * X1)) - ((-3410.964600) + (-3410.869629)))) / (((500178594073411584.000000 / ((-665526416833511424.000000) * X1)) - (93.779465 * X1)) + (((-2.505656) * X2) - (((129.372925 * (-108.986816)) * (625.559143 + ((-247.403854) * X2))) * ((42.529461 * 126.745781) * (110.085983 * 61.324188)))))) - 973.691895))))",
    "complexity": 61,
    "mse_train": 0.01007384056708325,
    "mse_test": 0.008440287395361665,
    "r2_train": 0.707035168863523,
    "r2_test": 0.7564962443045213,
    "seed": 45,
    "algorithm": "Operon",
    "dataset": "nikuradse_1",
    "scenario": "C1",
    "fold": 5,
    "population_size": 500,
    "pool_size": 500,
    "generations": 400,
    "max_evaluations": 200000,
    "operators": "add,sub,mul,div,constant,variable"
  },
  {
    "model_id": 229,
    "expression": "(0.000029 + (1.000005 * (((((((-56.117672) * X2) + ((-0.504915) * X2)) - (((-968289152.000000) * X2) / (17329910.000000 * X1))) + ((213.395752 + (0.008452 * X1)) + 28.950481)) / (((((-0.012378) * X1) - ((-23.521639) * X2)) + ((-12.394627) * X2)) - ((-2.424485) - 4.251608))) + (((((((-0.126459) * X2) + (0.490103 * X1)) * ((0.563974 * X2) - 2.196625)) / (0.279891 * X1)) / (105.829254 - ((-1.190488) * X1))) * ((((-23.995417) * X2) - ((-0.924147) * X1)) - ((-122.529968) - 125.208412))))))",
    "complexity": 79,
    "mse_train": 0.0001512466815134502,
    "mse_test": 0.00017150713572344108,
    "r2_train": 0.9956014830476546,
    "r2_test": 0.9950519893789183,
    "seed": 45,
    "algorithm": "Operon",
    "dataset": "nikuradse_1",
    "scenario": "C1",
    "fold": 5,
    "population_size": 500,
    "pool_size": 500,
    "generations": 400,
    "max_evaluations": 200000,
    "operators": "add,sub,mul,div,constant,variable"
  },
  {
    "model_id": 230,
    "expression": "((-0.000045) + (1.000061 * (((((((-58.069557) * X2) + ((-2.859829) * X2)) - (((-1225364480.000000) * X2) / (12104371.000000 * X1))) + ((229.764648 + (0.006151 * X1)) + 45.319435)) / (((((-0.045150) * X1) - ((-32.535259) * X2)) + ((-2.697821) * X2)) - (15.566966 - (-8.303573)))) + (((((((-0.830570) * X2) + (1.812930 * X1)) * ((-0.710457) + (0.184185 * X2))) / (0.842997 * X1)) / (376.839539 - ((-7.572428) * X1))) * ((((-205.923431) * X2) - ((-8.007393) * X1)) - ((-935.655701) - 938.333923))))))",
    "complexity": 79,
    "mse_train": 0.0001569490291284355,
    "mse_test": 0.00017621211263573933,
    "r2_train": 0.9954356488461918,
    "r2_test": 0.9949162499787131,
    "seed": 45,
    "algorithm": "Operon",
    "dataset": "nikuradse_1",
    "scenario": "C1",
    "fold": 5,
    "population_size": 500,
    "pool_size": 500,
    "generations": 400,
    "max_evaluations": 200000,
    "operators": "add,sub,mul,div,constant,variable"
  },
  {
    "model_id": 231,
    "expression": "(0.000028 + (0.999963 * (((((((-2.444088) * (1.862572 * X2)) * (((-2.212661) * X1) / ((-0.524243) * X1))) - ((2812576768.000000 * X2) / (22358072.000000 * X1))) + ((206.464920 + (0.060161 * X1)) + (-124.046333))) / (((-0.009894) * X1) - ((-15.919835) * X2))) + (((((((-87.810829) * X1) - ((-100.728638) * X2)) + (623.192017 * X2)) - (2632.777100 - (-2596.489258))) / ((-503.747681) - (0.424266 * X1))) * ((((-0.433774) * X2) / (((-248.225952) * X1) / (90.582924 * X2))) - ((-0.264927) - (-0.271471)))))))",
    "complexity": 79,
    "mse_train": 0.0003055470281337636,
    "mse_test": 0.0003217554648513554,
    "r2_train": 0.9911141601948761,
    "r2_test": 0.9907172990163929,
    "seed": 45,
    "algorithm": "Operon",
    "dataset": "nikuradse_1",
    "scenario": "C1",
    "fold": 5,
    "population_size": 500,
    "pool_size": 500,
    "generations": 400,
    "max_evaluations": 200000,
    "operators": "add,sub,mul,div,constant,variable"
  },
  {
    "model_id": 232,
    "expression": "((-0.000253) + (1.000482 * (((((-0.000394) * X1) - (2.280542 * X2)) + ((((5.266703 * X2) - (-55.823452)) * (((-2.431426) / ((-1.844822) * X1)) * ((-0.018099) + ((-0.005365) * X2)))) * (((((-2.469367) * X1) - 9.694055) - ((-0.665871) * X2)) - (186.040741 / ((-3.170508) * X1))))) - (((((1851.791138 * X2) + ((-2519.014404) * X2)) - ((2495531743214777726402560.000000 / (905194485891072411041792.000000 * X1)) / 2071938150243868761653248.000000)) + ((435647.375000 * X2) / (169334.562500 * X1))) / ((((-25.944427) * X1) + ((-2289.859375) * X2)) - (-6476.192871))))))",
    "complexity": 79,
    "mse_train": 0.0003228051040930284,
    "mse_test": 0.00035261291587291075,
    "r2_train": 0.9906122652844417,
    "r2_test": 0.9898270562008382,
    "seed": 45,
    "algorithm": "Operon",
    "dataset": "nikuradse_1",
    "scenario": "C1",
    "fold": 5,
    "population_size": 500,
    "pool_size": 500,
    "generations": 400,
    "max_evaluations": 200000,
    "operators": "add,sub,mul,div,constant,variable"
  },
  {
    "model_id": 233,
    "expression": "((-0.000494) + (1.000477 * (((((4.305170 * X1) - (((-2606.036865) * X2) / ((((-60.647171) + ((-21.046679) * X1)) / (2.013235 * X1)) - ((-2.044001) - 5.034737)))) + ((347.650116 + ((-1.029645) * X1)) + 352.280762)) / (((3.796055 * X2) * (1.343798 * X2)) - (((4507.109375 * X2) + ((-9.182110) * X1)) - 12207.994141))) + (((((-4.039290) * X2) * (0.172168 * X2)) / ((-52.388390) - ((-12.481583) * X1))) * ((((-10.790933) * X2) / ((-0.471853) * X1)) - (7.182669 - (-5.249012)))))))",
    "complexity": 77,
    "mse_train": 0.00033087075781876784,
    "mse_test": 0.0002964833446273082,
    "r2_train": 0.9903777020246768,
    "r2_test": 0.9914464040694182,
    "seed": 45,
    "algorithm": "Operon",
    "dataset": "nikuradse_1",
    "scenario": "C1",
    "fold": 5,
    "population_size": 500,
    "pool_size": 500,
    "generations": 400,
    "max_evaluations": 200000,
    "operators": "add,sub,mul,div,constant,variable"
  },
  {
    "model_id": 234,
    "expression": "((-0.000942) + (1.001261 * (((((((-126.026115) * X2) + ((-128.268372) * X2)) - (((-1650.421021) * X2) / (((-2265.687256) - 2351.278320) * ((-0.068894) / (0.769499 * X1))))) + (((-4740.371094) + ((-14.230824) * X1)) + (-4737.297852))) / (((0.072969 * X2) * ((-0.037423) * X2)) - (12613.280273 - (-12612.621094)))) + ((((((-0.073119) * X1) - 153.710022) - ((-13.924862) * X2)) / (19499.505859 - (137.702911 * X1))) * ((((-20421.492188) * X2) / (90.020531 * X1)) - (0.355654 - 3.416697))))))",
    "complexity": 73,
    "mse_train": 0.0006727176923230736,
    "mse_test": 0.0005633957717012677,
    "r2_train": 0.9804361977121291,
    "r2_test": 0.9837459342406275,
    "seed": 45,
    "algorithm": "Operon",
    "dataset": "nikuradse_1",
    "scenario": "C1",
    "fold": 5,
    "population_size": 500,
    "pool_size": 500,
    "generations": 400,
    "max_evaluations": 200000,
    "operators": "add,sub,mul,div,constant,variable"
  },
  {
    "model_id": 235,
    "expression": "(0.000036 + (0.999989 * ((((((-47396.843750) + ((-1.175623) * X1)) - (((-55849833725952.000000) * X2) / ((-2130493702144.000000) * X1))) + ((49766.832031 + (1.782031 * X1)) + (-1801.974854))) / ((((4.245098 * X1) - ((-124.929001) * X2)) + ((-100.721214) * X2)) - ((-139.435638) - 735.878296))) + (((((((-0.781183) * X2) + (0.010150 * X1)) * (((-928.478577) * X2) - (-199.088028))) / ((-2958.264160) * X1)) / (383364.781250 - (762.150696 * X1))) * (((61355.628906 * X2) - ((-440.812103) * X1)) - (419984.156250 - (-134285.640625)))))))",
    "complexity": 77,
    "mse_train": 0.0007058847778555848,
    "mse_test": 0.0004454968356866779,
    "r2_train": 0.9794716410916808,
    "r2_test": 0.9871473389994074,
    "seed": 45,
    "algorithm": "Operon",
    "dataset": "nikuradse_1",
    "scenario": "C1",
    "fold": 5,
    "population_size": 500,
    "pool_size": 500,
    "generations": 400,
    "max_evaluations": 200000,
    "operators": "add,sub,mul,div,constant,variable"
  },
  {
    "model_id": 236,
    "expression": "(0.000287 + (0.999532 * (((((((-0.888912) * (0.677416 * X2)) * (((-0.804742) * X1) / ((-1.562622) * X1))) - ((4220288512.000000 * X2) / (6623645.500000 * X1))) + ((200.254318 + (0.327002 * X1)) + (-130.257050))) / ((2.960215 * X1) - ((-18.649942) * X2))) + (((((((-101.899651) * X1) - ((-94.283791) * X2)) + (622.238770 * X2)) - (2607.656494 - (-2571.368652))) / (((-0.795952) * X1) - (0.423601 * X1))) * ((((-0.014699) * X2) / (((-248.099487) * X1) / (90.629059 * X2))) - ((-0.265399) - (-0.263805)))))))",
    "complexity": 81,
    "mse_train": 0.0012481040127146116,
    "mse_test": 0.0007070853118634544,
    "r2_train": 0.9637029612598321,
    "r2_test": 0.9796004660776741,
    "seed": 45,
    "algorithm": "Operon",
    "dataset": "nikuradse_1",
    "scenario": "C1",
    "fold": 5,
    "population_size": 500,
    "pool_size": 500,
    "generations": 400,
    "max_evaluations": 200000,
    "operators": "add,sub,mul,div,constant,variable"
  },
  {
    "model_id": 237,
    "expression": "(0.004318 + (0.992723 * ((((((3.797548 + 3.644808) / (((-3.035912) * X1) / (47.576210 * X1))) + (-81.353302)) / (((-1.876409) * X1) + (-117.786728))) * ((0.000090 * X1) * ((-15.824215) * X2))) - ((-0.395936) / ((4419.340820 + (((-952.907898) * X1) / 255.564743)) / (((((-44201169387520.000000) - (5030124544.000000 * X1)) / ((((-631871226511360.000000) * X2) - 3490081297924096.000000) - ((0.822652 * X1) + (-653.176392)))) + ((((-5.711160) * X1) * 1.357517) + 6238.544434)) + (789.245300 * X2)))))))",
    "complexity": 71,
    "mse_train": 0.0013559505921579983,
    "mse_test": 0.000779316672716808,
    "r2_train": 0.9605665948735587,
    "r2_test": 0.9775165787853465,
    "seed": 45,
    "algorithm": "Operon",
    "dataset": "nikuradse_1",
    "scenario": "C1",
    "fold": 5,
    "population_size": 500,
    "pool_size": 500,
    "generations": 400,
    "max_evaluations": 200000,
    "operators": "add,sub,mul,div,constant,variable"
  },
  {
    "model_id": 238,
    "expression": "(0.356280 + (0.465165 * (((((((((-1.079810) * X2) - (-73.676460)) - ((528945381376.000000 * X2) / ((-618339648.000000) * X1))) + (((-1978.665161) + ((-1.690929) * X1)) + 1031.985352)) / (((((-4.013368) * X1) - ((-277.179260) * X2)) + (1292.991333 * X2)) - (4196.166504 - 454.668671))) - (((-10330.968750) / ((-2285346.000000) * X1)) / (((-972204.125000) * X1) / (3704.001465 * X1)))) / ((-9.494892) * X1)) - ((0.039886 + (-0.050568)) / ((((-0.426597) * X1) - ((-0.426974) * X1)) * (((-0.176392) * X2) + 2.910697))))))",
    "complexity": 77,
    "mse_train": 0.003884026982783888,
    "mse_test": 0.004175682610574239,
    "r2_train": 0.887045729822359,
    "r2_test": 0.8795308322290181,
    "seed": 45,
    "algorithm": "Operon",
    "dataset": "nikuradse_1",
    "scenario": "C1",
    "fold": 5,
    "population_size": 500,
    "pool_size": 500,
    "generations": 400,
    "max_evaluations": 200000,
    "operators": "add,sub,mul,div,constant,variable"
  },
  {
    "model_id": 239,
    "expression": "(0.445238 + (0.327893 * (((((4.221464 * X1) - (((-2979.288574) * X2) / (((218.211624 + ((-11.853327) * X1)) / (4.618480 * X1)) - (9.640482 - 7.208606)))) + ((395.618164 + ((-0.282610) * X1)) + 400.243256)) / (((3.797125 * X2) * (1.344168 * X2)) - (((4507.133301 * X2) + ((-16.771065) * X1)) - 12207.688477))) + (((((-2.113329) * X2) * (0.090076 * X2)) / (((-5.564182) * X2) * (0.382564 * X2))) * ((((-10.346566) * X2) / ((-0.464907) * X1)) - (3.259906 - (-1.326254)))))))",
    "complexity": 79,
    "mse_train": 0.004840907168842029,
    "mse_test": 0.0050428825831433126,
    "r2_train": 0.8592179872390227,
    "r2_test": 0.8545119625664007,
    "seed": 45,
    "algorithm": "Operon",
    "dataset": "nikuradse_1",
    "scenario": "C1",
    "fold": 5,
    "population_size": 500,
    "pool_size": 500,
    "generations": 400,
    "max_evaluations": 200000,
    "operators": "add,sub,mul,div,constant,variable"
  },
  {
    "model_id": 240,
    "expression": "((-0.278222) + (1.400178 * (((((((-178424.515625) * X2) + (214235.718750 * X2)) - (((300.715088 + ((-186.203537) * X1)) / (9889604166430482235392.000000 * X1)) / (-16229751455644343336960.000000))) + ((281838.718750 + (839.497559 * X1)) + 12684.032227)) / ((((-2.803014) * X2) * ((-2437.229980) * X2)) - ((-1924926.250000) - (((-0.960499) + 0.106019) + ((-1.154597) * X2))))) + (((578.943726 - (-576.268250)) / ((-48968.539062) - (643.079651 * X1))) * ((((-393.683411) * X2) / (20.100374 * X1)) - (4.805822 - (-15.403196)))))))",
    "complexity": 71,
    "mse_train": 0.004846996967656568,
    "mse_test": 0.005584449990142755,
    "r2_train": 0.8590408852817824,
    "r2_test": 0.8388876489157664,
    "seed": 45,
    "algorithm": "Operon",
    "dataset": "nikuradse_1",
    "scenario": "C1",
    "fold": 5,
    "population_size": 500,
    "pool_size": 500,
    "generations": 400,
    "max_evaluations": 200000,
    "operators": "add,sub,mul,div,constant,variable"
  },
  {
    "model_id": 241,
    "expression": "((-0.231780) + (1.798423 * ((((((0.031413 * X2) * (62.031826 * X2)) - ((7.532528 / ((-938031232.000000) * X1)) + ((-278945190641664.000000) - (-278945190641664.000000)))) + (((((-13.502797) * X2) - (-303.271149)) + ((-0.162623) * X1)) + (-154.130997))) / (((((-0.643642) * X1) - ((-45.710125) * X2)) + (104.453499 * X2)) - (92.151390 - (-91.647682)))) + (((((-3.132505) * X2) * (4.430934 * X2)) / (1163.846558 - ((-7.890527) * X1))) * ((13.462153 / (-80.612282)) - (1.326477 - 0.441253))))))",
    "complexity": 71,
    "mse_train": 0.004896609871772995,
    "mse_test": 0.0044184312430987326,
    "r2_train": 0.8575980556102316,
    "r2_test": 0.8725274920652532,
    "seed": 45,
    "algorithm": "Operon",
    "dataset": "nikuradse_1",
    "scenario": "C1",
    "fold": 5,
    "population_size": 500,
    "pool_size": 500,
    "generations": 400,
    "max_evaluations": 200000,
    "operators": "add,sub,mul,div,constant,variable"
  },
  {
    "model_id": 242,
    "expression": "((-0.000409) + (1.000847 * (((((((-1159.372559) * X2) + (2633.878174 * X2)) - (((-993566851072.000000) * X2) / ((-23057104896.000000) * X1))) + ((((-203.907883) * X2) - (-634.256775)) - ((1347.446167 * X2) - (-280.060944)))) / (((((-0.269364) * X1) - ((-38.796978) * X2)) + (71.411949 * X2)) - (53.047737 - (-124.647774)))) + (((((((-252.645981) * X2) + (231.631912 * X1)) * ((0.602713 * X2) - 1.799042)) / (63.609238 * X1)) / (309.404022 - ((-98.562004) * X1))) * ((((-93.090988) * X2) - ((-8.302947) * X1)) - (1140.049561 - 2058.548584))))))",
    "complexity": 83,
    "mse_train": 0.00019328925541486019,
    "mse_test": 0.00019189559106383086,
    "r2_train": 0.9943788117653816,
    "r2_test": 0.9944637789050731,
    "seed": 45,
    "algorithm": "Operon",
    "dataset": "nikuradse_1",
    "scenario": "C1",
    "fold": 5,
    "population_size": 500,
    "pool_size": 500,
    "generations": 400,
    "max_evaluations": 200000,
    "operators": "add,sub,mul,div,constant,variable"
  },
  {
    "model_id": 243,
    "expression": "((-0.001827) + (1.003419 * (((((((1009.045471 / ((-0.223340) * X1)) + (797.599792 * X2)) + (133.424500 * X2)) - ((1075.157715 + (1.788206 * X1)) + 1560.593384)) + (((-288.890045) + (1.475389 * X1)) + 587.289917)) / ((((-312.017242) * X2) - (-1104.723267)) - (184.700592 - (-638.946899)))) + (((((-3.390209) * X2) * (0.817452 * X2)) / (((((-2013.428955) * X1) / (402.953705 * X2)) - ((-1.721095) * X1)) + 212.257523)) * (((1.653246 * X2) + ((-0.017942) * X1)) - (9.125042 - (-6.446726)))))))",
    "complexity": 77,
    "mse_train": 0.0002861259631370054,
    "mse_test": 0.0002676159024864388,
    "r2_train": 0.9916789585941933,
    "r2_test": 0.9922792347835105,
    "seed": 45,
    "algorithm": "Operon",
    "dataset": "nikuradse_1",
    "scenario": "C1",
    "fold": 5,
    "population_size": 500,
    "pool_size": 500,
    "generations": 400,
    "max_evaluations": 200000,
    "operators": "add,sub,mul,div,constant,variable"
  },
  {
    "model_id": 244,
    "expression": "((-0.000459) + (1.000769 * (((((4.391362 * X1) - (((-1122.674927) * X2) / ((((-62.258415) + ((-20.417845) * X1)) / (2.053919 * X1)) - ((-2.379208) - 5.369398)))) + ((20.302748 + ((-1.607570) * X1)) + (-41.382957))) / ((((48.795006 * X2) - 111.649872) * (4.385690 * X2)) - (((4769.219727 * X2) + ((-7.791271) * X1)) - 12678.331055))) + (((((-4.149024) * X2) * (0.167459 * X2)) / ((-46.957169) - ((-12.259809) * X1))) * ((((-10.733469) * X2) / ((-0.471261) * X1)) - (7.216200 - (-5.286498)))))))",
    "complexity": 79,
    "mse_train": 0.0003253376376247323,
    "mse_test": 0.0003053916144463157,
    "r2_train": 0.9905386147979641,
    "r2_test": 0.9911893989396083,
    "seed": 45,
    "algorithm": "Operon",
    "dataset": "nikuradse_1",
    "scenario": "C1",
    "fold": 5,
    "population_size": 500,
    "pool_size": 500,
    "generations": 400,
    "max_evaluations": 200000,
    "operators": "add,sub,mul,div,constant,variable"
  },
  {
    "model_id": 245,
    "expression": "((-0.000243) + (1.000394 * (((((5.439199 * X1) - (((-1940.600098) * X2) / ((((-8.135183) * X2) / (1.145832 * X1)) - (2.621758 - 0.056484)))) + ((325.300751 + ((-2.170397) * X1)) + 329.872742)) / (((0.908005 * X2) * (29.264479 * X2)) - (((4557.181152 * X2) + ((-9.131172) * X1)) - 12129.510742))) + (((((-5.111321) * X2) * ((-1.502408) * X2)) / ((-54.753296) - ((-14.556158) * X1))) * ((((-12.111336) * X2) / (3.814658 * X1)) - (((1.645927 * X2) / ((-2.703375) * X1)) - (2.039932 - 0.624732)))))))",
    "complexity": 83,
    "mse_train": 0.0003349902163246148,
    "mse_test": 0.00030287809024324595,
    "r2_train": 0.9902579009957145,
    "r2_test": 0.9912619145489483,
    "seed": 45,
    "algorithm": "Operon",
    "dataset": "nikuradse_1",
    "scenario": "C1",
    "fold": 5,
    "population_size": 500,
    "pool_size": 500,
    "generations": 400,
    "max_evaluations": 200000,
    "operators": "add,sub,mul,div,constant,variable"
  },
  {
    "model_id": 246,
    "expression": "((-0.000265) + (1.000430 * (((((5.304124 * X1) - (((-2010.409180) * X2) / (((((-85.294197) * X1) - (80.115021 * X2)) + ((-78.595627) * X2)) * (0.056070 / (2.259549 * X1))))) + (((1223.325684 / ((-5927.965332) * X1)) + ((-2.047829) * X1)) + 1445.362915)) / (((17.437164 * X2) * ((-6.214875) * X2)) - (((4071.687500 * X2) + ((-9.281690) * X1)) - 12291.769531))) + (((((-4.509396) * X2) * (0.171817 * X2)) / ((-50.286125) - ((-12.310049) * X1))) * ((((-8.293601) * X2) / ((-0.392409) * X1)) - (8.323401 - (-3.239985)))))))",
    "complexity": 85,
    "mse_train": 0.0003395330852108247,
    "mse_test": 0.0002984588873233992,
    "r2_train": 0.9901257864553601,
    "r2_test": 0.9913894093198912,
    "seed": 45,
    "algorithm": "Operon",
    "dataset": "nikuradse_1",
    "scenario": "C1",
    "fold": 5,
    "population_size": 500,
    "pool_size": 500,
    "generations": 400,
    "max_evaluations": 200000,
    "operators": "add,sub,mul,div,constant,variable"
  },
  {
    "model_id": 247,
    "expression": "((-0.010474) + (1.018518 * (((-0.290290) + (29.322388 * X1)) + (((((-29.317371) * X1) - ((-0.065581) * X2)) + (((((-0.461781) * X2) - 2.848677) * (((-0.615947) / ((((-10.940066) + (2.595537 * X1)) / (((-0.009274) * X1) * 0.208070)) - (((-91.729439) / (256.679932 * X1)) + ((0.132259 * X2) + (0.764867 * X1))))) * ((-5.159413) + (0.446369 * X2)))) * ((((-1.072063) + 0.745876) - ((-0.053442) * X2)) - ((-81.457512) + (0.577092 * X1))))) - ((0.000098 * X2) * (4.495842 * X1))))))",
    "complexity": 79,
    "mse_train": 0.0007177354543283767,
    "mse_test": 0.0005540932349114486,
    "r2_train": 0.9791270027773671,
    "r2_test": 0.9840143140409482,
    "seed": 45,
    "algorithm": "Operon",
    "dataset": "nikuradse_1",
    "scenario": "C1",
    "fold": 5,
    "population_size": 500,
    "pool_size": 500,
    "generations": 400,
    "max_evaluations": 200000,
    "operators": "add,sub,mul,div,constant,variable"
  },
  {
    "model_id": 248,
    "expression": "(0.000011 + (0.999986 * (((((((0.904228 * X2) + (-3.149172)) * ((-34.648907) - 35.829254)) - (((-14.467866) * 10.271627) - 45.373547)) + ((47.445202 + (0.725074 * X1)) + (-151.058319))) / ((((-0.044254) * X1) / (-0.168023)) - (279.028839 - (-277.200989)))) + ((((((-1.863850) * X2) - (-18.396727)) / (1.785474 * X1)) / ((-164.404022) - ((-0.184296) * X1))) * ((((-20.837210) * X2) - ((11.729644 * X2) - 29.155548)) - ((8.734159 * X1) + (7.339436 * X1)))))))",
    "complexity": 71,
    "mse_train": 0.0007555909562840364,
    "mse_test": 0.0005592077995303059,
    "r2_train": 0.9780260988406635,
    "r2_test": 0.9838667579643479,
    "seed": 45,
    "algorithm": "Operon",
    "dataset": "nikuradse_1",
    "scenario": "C1",
    "fold": 5,
    "population_size": 500,
    "pool_size": 500,
    "generations": 400,
    "max_evaluations": 200000,
    "operators": "add,sub,mul,div,constant,variable"
  },
  {
    "model_id": 249,
    "expression": "(0.000003 + (0.999995 * ((0.134480 * X2) + (((((((-0.054185) * X1) + ((-1.232387) * X2)) - 0.931546) - (((-1.415830) + ((-0.064840) * X1)) - ((-16.559372) / (9.768040 * X2)))) * ((((-0.001016) / (1.102332 * X1)) + (0.000003 / 1.132842)) * ((2.286345 / (-0.209618)) * (((-3.752624) * X1) - 62.152542)))) - ((((-0.192194) + (0.014785 * X2)) * ((-11.461561) + (3.388853 * X2))) / ((0.214971 - 4.350779) * (0.669065 * 0.667320)))))))",
    "complexity": 69,
    "mse_train": 0.0007621665641824943,
    "mse_test": 0.0006508815611877717,
    "r2_train": 0.9778348687090406,
    "r2_test": 0.9812219540356816,
    "seed": 45,
    "algorithm": "Operon",
    "dataset": "nikuradse_1",
    "scenario": "C1",
    "fold": 5,
    "population_size": 500,
    "pool_size": 500,
    "generations": 400,
    "max_evaluations": 200000,
    "operators": "add,sub,mul,div,constant,variable"
  },
  {
    "model_id": 250,
    "expression": "((-0.000002) + (1.000000 * (((((((-61.583340) * X2) + (80.531876 * X2)) - (((-60790755328.000000) * X2) / (9244425.000000 * X1))) + ((211.475159 + ((-0.369310) * X1)) + (-177.414505))) / (((((-0.933475) * X1) - ((-49.912472) * X2)) + (21.125389 * X2)) - ((-66.425323) - 66.911552))) + ((((((((-4.135545) * X1) - (-412.242554)) + (1.269694 * X1)) * ((-0.404382) - (-0.721805))) / (4.038423 * X1)) / ((-49.138489) + (0.314057 * X1))) * (((4.963085 * X2) + (-51.799534)) - ((-59.144485) - 61.821758))))))",
    "complexity": 77,
    "mse_train": 0.0008746834336849258,
    "mse_test": 0.004145826040470805,
    "r2_train": 0.974562682152754,
    "r2_test": 0.8803921994564382,
    "seed": 45,
    "algorithm": "Operon",
    "dataset": "nikuradse_1",
    "scenario": "C1",
    "fold": 5,
    "population_size": 500,
    "pool_size": 500,
    "generations": 400,
    "max_evaluations": 200000,
    "operators": "add,sub,mul,div,constant,variable"
  },
  {
    "model_id": 251,
    "expression": "((-0.000318) + (1.000475 * ((((((-26.301516) - (0.000029 * X1)) + (11367.206055 / (5997.695801 * X2))) - (13.504365 - (-9.209208))) - ((((-42.357182) * ((-3.241537) * X2)) + (0.051131 / (((-1.571371) + 0.168957) / ((0.794769 * X2) * (-1.127882))))) + (((-137.370010) * X2) - 48.742233))) - ((((0.626527 * X2) * ((-25.693922) * X1)) - ((-3.180436) * 82.360146)) / ((((4.007498 * X1) + (13.668439 * X2)) * (0.976632 * X1)) + ((0.860515 * X1) - (-32.900654)))))))",
    "complexity": 73,
    "mse_train": 0.0008840032685360495,
    "mse_test": 0.0005697852204767382,
    "r2_train": 0.9742916451212269,
    "r2_test": 0.9835615975349241,
    "seed": 45,
    "algorithm": "Operon",
    "dataset": "nikuradse_1",
    "scenario": "C1",
    "fold": 5,
    "population_size": 500,
    "pool_size": 500,
    "generations": 400,
    "max_evaluations": 200000,
    "operators": "add,sub,mul,div,constant,variable"
  },
  {
    "model_id": 252,
    "expression": "((-0.000001) + (0.999994 * ((((((0.258816 * X2) * (47.016983 * X2)) - ((((4.116244 * X2) * (-7.509005)) - 110.260956) + (33.602238 / 36.418507))) + (((((-144.871719) * X2) - (-565.660034)) + ((-0.554851) * X1)) + 110.531189)) / (((((-1.273011) * X1) - ((-93.145393) * X2)) + (252.742294 * X2)) - (279.643524 - 88.896629))) + (((((-4.392743) * X2) * ((-5.764768) * X2)) / ((-139.393753) - (15.470179 * X1))) / (((-269.303467) / (14.838898 * X1)) - (2.221110 - (-0.601368)))))))",
    "complexity": 75,
    "mse_train": 0.0012598083425179704,
    "mse_test": 0.0014339002802336552,
    "r2_train": 0.9633625789615843,
    "r2_test": 0.9586317281421514,
    "seed": 45,
    "algorithm": "Operon",
    "dataset": "nikuradse_1",
    "scenario": "C1",
    "fold": 5,
    "population_size": 500,
    "pool_size": 500,
    "generations": 400,
    "max_evaluations": 200000,
    "operators": "add,sub,mul,div,constant,variable"
  },
  {
    "model_id": 253,
    "expression": "((-0.001307) + (1.002199 * ((((((203.340988 * X2) + ((-3660.877686) * X2)) - (((-496.785370) * X2) / ((7.067504 - (-2.803732)) * ((-1.753103) / ((-0.061875) * X1))))) + ((-1120.342285) + (-3714.930176))) / (((62.977039 * X2) * ((-41.296078) * X2)) - (((((-2.931674) * (-12.689140)) * 290.978912) / (24.866125 + 29.754656)) - (94.713287 * X2)))) + ((((3.639210 * X2) * ((-2.869452) * X2)) / (2140.745850 - ((-93.174339) * X1))) * (2.959511 - (4.564558 - (-4.105557)))))))",
    "complexity": 71,
    "mse_train": 0.0012799352332483701,
    "mse_test": 0.001249514622500794,
    "r2_train": 0.9627772539204673,
    "r2_test": 0.9639512863575513,
    "seed": 45,
    "algorithm": "Operon",
    "dataset": "nikuradse_1",
    "scenario": "C1",
    "fold": 5,
    "population_size": 500,
    "pool_size": 500,
    "generations": 400,
    "max_evaluations": 200000,
    "operators": "add,sub,mul,div,constant,variable"
  },
  {
    "model_id": 254,
    "expression": "(0.000103 + (0.999807 * (((((((143.302917 * X2) + ((-246.252991) * X2)) - (((-0.130620) * (1.415618 * X2)) / (14745735266304.000000 * X1))) + ((992.901978 + ((-10.149716) * X1)) + 995.954895)) / (((30.497328 * X1) + 1949.223999) - (3057.775391 - (-3662.792725)))) - (((0.006966 * X1) / ((-2.425710) * X2)) + ((-0.292423) - ((-0.000847) * X1)))) - ((((4.069054 * X2) * ((-15.757648) * X1)) - (71.605743 * 38.045784)) / ((((-8.131626) * X1) * ((-16.044138) * X2)) - ((54.589283 * X2) / 51.354893))))))",
    "complexity": 79,
    "mse_train": 0.0013542461477252033,
    "mse_test": 0.0012078725149829524,
    "r2_train": 0.960616163086606,
    "r2_test": 0.9651526683840972,
    "seed": 45,
    "algorithm": "Operon",
    "dataset": "nikuradse_1",
    "scenario": "C1",
    "fold": 5,
    "population_size": 500,
    "pool_size": 500,
    "generations": 400,
    "max_evaluations": 200000,
    "operators": "add,sub,mul,div,constant,variable"
  },
  {
    "model_id": 255,
    "expression": "((-0.000008) + (1.000014 * ((((((496.727570 * X2) + ((-1082.543823) * X2)) - (((-495.235229) * X2) / ((((-1.693603) * X1) / ((-0.653509) * X2)) * (0.243488 / (0.050111 * X1))))) + ((-143.901962) + (-2738.864990))) / (((17.241827 * X2) * ((-42.146782) * X2)) - ((((552.104492 / 909.747131) * 122.680725) / (436.515930 + 439.054321)) - (38.432220 * X2)))) + ((((1.557057 * X2) * ((-2.785636) * X2)) / (514.867065 - ((-15.079736) * X1))) * (3.583455 - (4.792559 - (-2.130253)))))))",
    "complexity": 75,
    "mse_train": 0.0013573128853056628,
    "mse_test": 0.0014901497835823072,
    "r2_train": 0.9605269770158701,
    "r2_test": 0.9570089202115909,
    "seed": 45,
    "algorithm": "Operon",
    "dataset": "nikuradse_1",
    "scenario": "C1",
    "fold": 5,
    "population_size": 500,
    "pool_size": 500,
    "generations": 400,
    "max_evaluations": 200000,
    "operators": "add,sub,mul,div,constant,variable"
  },
  {
    "model_id": 256,
    "expression": "(0.002897 + (0.995239 * (((((((-143571.812500) * X2) + (238366.171875 * X2)) - (((-28760484.000000) / (33881648.000000 * X1)) / (-55602932.000000))) + (((-0.130620) * (1.415618 * X2)) / (14745735266304.000000 * X1))) / ((((-2788.455811) * X2) * ((-142.071609) * X2)) - ((-3342182.500000) - (((3.366006 * 221.111633) + (29.322388 * X1)) - ((-391351.406250) / (13461.300781 * X2)))))) + (((3012.357910 - (-3054.414062)) / (404.923309 - ((-0.775432) * X1))) * ((((-0.034672) * X2) / ((-0.633725) * X1)) - ((-1.271725) - (-1.239198)))))))",
    "complexity": 75,
    "mse_train": 0.0013726363143365655,
    "mse_test": 0.0009385949267588268,
    "r2_train": 0.9600813450080399,
    "r2_test": 0.9729213735224115,
    "seed": 45,
    "algorithm": "Operon",
    "dataset": "nikuradse_1",
    "scenario": "C1",
    "fold": 5,
    "population_size": 500,
    "pool_size": 500,
    "generations": 400,
    "max_evaluations": 200000,
    "operators": "add,sub,mul,div,constant,variable"
  },
  {
    "model_id": 257,
    "expression": "(0.010645 + (0.981468 * ((((((97.434296 * X1) * (-0.000946)) - ((-120.368225) / 5.172530)) + ((208.327606 + (0.070897 * X1)) + (-123.388565))) / ((0.007467 * X1) - ((-21.926060) * X2))) + (((((((-186.707870) * X1) - ((-207.322571) * X2)) + (730.435486 * X2)) - (2060.757568 - (-2028.237549))) / (((((-0.543868) * X1) * ((-0.710470) * X2)) - ((-1.186433) * X1)) * ((0.710816 * X2) + 7.515776))) * (((0.106003 * X2) / (((-257.028015) * X1) / (88.208839 * X2))) - ((-0.274995) - (-0.169498)))))))",
    "complexity": 79,
    "mse_train": 0.0013755183604954228,
    "mse_test": 0.0011170669540539514,
    "r2_train": 0.9599975300855548,
    "r2_test": 0.9677724245711197,
    "seed": 45,
    "algorithm": "Operon",
    "dataset": "nikuradse_1",
    "scenario": "C1",
    "fold": 5,
    "population_size": 500,
    "pool_size": 500,
    "generations": 400,
    "max_evaluations": 200000,
    "operators": "add,sub,mul,div,constant,variable"
  },
  {
    "model_id": 258,
    "expression": "(0.037613 + (0.996049 * (((((3012.357910 - (-3054.414062)) - (((-28760484.000000) / (33881648.000000 * X1)) / (-55602932.000000))) + (((-0.130620) * (1.415618 * X2)) / (14745735266304.000000 * X1))) / ((((-2788.455811) * X2) * ((-142.071609) * X2)) - ((-3342182.500000) - (((3.366006 * 221.111633) + (29.322388 * X1)) - ((-391351.406250) / (13461.300781 * X2)))))) + (((3012.357910 - (-3054.414062)) / (404.923309 - ((-0.775432) * X1))) * ((((-0.034672) * X2) / ((-0.633725) * X1)) - ((-1.271725) - (-1.239198)))))))",
    "complexity": 71,
    "mse_train": 0.0014263026894034362,
    "mse_test": 0.0009856637264317708,
    "r2_train": 0.9585206333405805,
    "r2_test": 0.9715634304856923,
    "seed": 45,
    "algorithm": "Operon",
    "dataset": "nikuradse_1",
    "scenario": "C1",
    "fold": 5,
    "population_size": 500,
    "pool_size": 500,
    "generations": 400,
    "max_evaluations": 200000,
    "operators": "add,sub,mul,div,constant,variable"
  },
  {
    "model_id": 259,
    "expression": "(0.038554 + (0.996101 * ((((((-129.768158) - 6357.300293) - (((-28760484.000000) / (33881648.000000 * X1)) / (-55602932.000000))) + (((-0.130620) * (1.415618 * X2)) / (14745735266304.000000 * X1))) / ((((-2788.455811) * X2) * ((-142.071609) * X2)) - ((-3342182.500000) - (((3.366006 * 221.111633) + (29.322388 * X1)) - ((-391351.406250) / (13461.300781 * X2)))))) + (((3012.357910 - (-3054.414062)) / (404.923309 - ((-0.775432) * X1))) * ((((-0.034672) * X2) / ((-0.633725) * X1)) - ((-1.271725) - (-1.239198)))))))",
    "complexity": 71,
    "mse_train": 0.0014318999984781048,
    "mse_test": 0.0009901985765490811,
    "r2_train": 0.9583578538428349,
    "r2_test": 0.9714325992730386,
    "seed": 45,
    "algorithm": "Operon",
    "dataset": "nikuradse_1",
    "scenario": "C1",
    "fold": 5,
    "population_size": 500,
    "pool_size": 500,
    "generations": 400,
    "max_evaluations": 200000,
    "operators": "add,sub,mul,div,constant,variable"
  },
  {
    "model_id": 260,
    "expression": "(0.000008 + (0.999975 * (((6.897007 * 0.051670) + (((((-0.002887) * X1) * 0.001188) - ((-130.382141) / (-1.866417))) / (((5.787921 * X2) - 114.119751) * (0.126397 * X1)))) - (((((122628.281250 * X1) + 1217342.500000) / ((67575.148438 * X1) * ((-68890.382812) * X1))) - ((((((-70.167549) * X1) - (-53303.039062)) * (4929.832031 * X1)) / ((2135.449951 * X2) + ((-10655.583984) * X2))) / ((2749.845459 * X1) + (-83095.820312)))) / (((1333.923340 * X2) - ((-16.241392) * X1)) * ((-112.013611) + (-112.733109)))))))",
    "complexity": 77,
    "mse_train": 0.0038796676968699674,
    "mse_test": 0.004165419867408882,
    "r2_train": 0.8871725054500993,
    "r2_test": 0.8798269141498631,
    "seed": 45,
    "algorithm": "Operon",
    "dataset": "nikuradse_1",
    "scenario": "C1",
    "fold": 5,
    "population_size": 500,
    "pool_size": 500,
    "generations": 400,
    "max_evaluations": 200000,
    "operators": "add,sub,mul,div,constant,variable"
  },
  {
    "model_id": 261,
    "expression": "(0.356316 + (0.495028 * (((((((((-4404217344.000000) * X2) + ((-1384355584.000000) * X2)) - ((1249966325019705344.000000 * X2) / ((-7990491912077312.000000) * X1))) + ((904472384.000000 + (17845168.000000 * X1)) + 9096882176.000000)) / (((((-8128210.500000) * X1) - ((-4767929344.000000) * X2)) + ((-1589151360.000000) * X2)) - ((-9676401664.000000) - (-17247557632.000000)))) - (((-10965440201228288.000000) / ((-7591346586781745152.000000) * X1)) / (((-110326448429989888.000000) * X1) / (8793057554071552.000000 * X1)))) / (119493896.000000 * X1)) - ((((-34.512192) + (35.992237 * X2)) + ((-32.536480) * X2)) / ((((-0.414366) * X1) - ((-0.590161) * X1)) * (((-2.093479) * X2) + 17.982880))))))",
    "complexity": 85,
    "mse_train": 0.003889201725766989,
    "mse_test": 0.004214597322984531,
    "r2_train": 0.8868952392826166,
    "r2_test": 0.8784081360245117,
    "seed": 45,
    "algorithm": "Operon",
    "dataset": "nikuradse_1",
    "scenario": "C1",
    "fold": 5,
    "population_size": 500,
    "pool_size": 500,
    "generations": 400,
    "max_evaluations": 200000,
    "operators": "add,sub,mul,div,constant,variable"
  },
  {
    "model_id": 262,
    "expression": "(0.001095 + (0.997745 * ((0.265058 * X2) + (((((((-0.090535) * X1) + (-0.482483)) - 0.861215) - (((-1.486160) + ((-0.064842) * X1)) - ((-15.412663) / (10.444458 * X2)))) * (((0.002920 / (1.107059 * X1)) + ((-0.000004) / 1.119599)) * ((2.281301 / (-0.210080)) * (((-3.758818) * X1) - 54.381161)))) - ((((-0.192795) + (0.006812 * X2)) * ((-11.273754) + (3.415853 * X2))) / ((0.233109 - 4.332642) * (0.666130 * 0.664393)))))))",
    "complexity": 67,
    "mse_train": 0.004546772176861866,
    "mse_test": 0.003372736398519634,
    "r2_train": 0.8677719451543748,
    "r2_test": 0.9026959697531506,
    "seed": 45,
    "algorithm": "Operon",
    "dataset": "nikuradse_1",
    "scenario": "C1",
    "fold": 5,
    "population_size": 500,
    "pool_size": 500,
    "generations": 400,
    "max_evaluations": 200000,
    "operators": "add,sub,mul,div,constant,variable"
  },
  {
    "model_id": 263,
    "expression": "((-0.278222) + (1.400178 * (((((((-178424.515625) * X2) + (214235.718750 * X2)) - (((((-5.054919) * X2) - (0.737084 * X1)) * ((-29.165014) + 0.550919)) / (-16229751455644343336960.000000))) + ((281838.718750 + (839.497559 * X1)) + 12684.032227)) / ((((-2.803014) * X2) * ((-2437.229980) * X2)) - ((-1924926.250000) - (((-0.960499) + 0.106019) + ((-1.154597) * X2))))) + (((578.943726 - (-576.268250)) / ((-48968.539062) - (643.079651 * X1))) * ((((-393.683411) * X2) / (20.100374 * X1)) - (4.805822 - (-15.403196)))))))",
    "complexity": 73,
    "mse_train": 0.004846996967656568,
    "mse_test": 0.005584449990142755,
    "r2_train": 0.8590408852817824,
    "r2_test": 0.8388876489157664,
    "seed": 45,
    "algorithm": "Operon",
    "dataset": "nikuradse_1",
    "scenario": "C1",
    "fold": 5,
    "population_size": 500,
    "pool_size": 500,
    "generations": 400,
    "max_evaluations": 200000,
    "operators": "add,sub,mul,div,constant,variable"
  },
  {
    "model_id": 264,
    "expression": "((-0.495598) + (1.629470 * (((((11.639724 + ((((-8.582131) + (-10.090767)) + ((-9.776891) * X2)) * ((-0.572866) * 0.024423))) / (0.405266 * X1)) / ((0.938109 + 0.033692) / 0.123652)) - ((((13.716242 * X2) / (1.682420 * X1)) * ((-0.002966) * X1)) + (0.496615 / (-1.234462)))) - (((((0.584970 * X1) + ((-71.801094) * X2)) - 80.171242) / (0.213457 / ((-19.740082) * X2))) * (((2.327962 * X2) / (3.780834 * X2)) * ((0.072344 * X1) - (0.072344 * X1)))))))",
    "complexity": 75,
    "mse_train": 0.004885742461351422,
    "mse_test": 0.004767215427795668,
    "r2_train": 0.8579140988350421,
    "r2_test": 0.8624650078247802,
    "seed": 45,
    "algorithm": "Operon",
    "dataset": "nikuradse_1",
    "scenario": "C1",
    "fold": 5,
    "population_size": 500,
    "pool_size": 500,
    "generations": 400,
    "max_evaluations": 200000,
    "operators": "add,sub,mul,div,constant,variable"
  },
  {
    "model_id": 265,
    "expression": "(0.095805 + (0.819493 * ((((((465.500641 * X2) + ((-1114.257324) * X2)) - (((-483.117371) * X2) / (((1.323344 * X1) / (1.762301 * X2)) * ((-1.063925) / (0.274376 * X1))))) + ((-6.844443) + (-2600.767578))) / (((16.273188 * X2) * ((-40.184242) * X2)) - (((((-3.080199) * 1.307856) * 1.652326) / ((-2.706034) + 1.473216)) - (8.251617 * X2)))) + ((((3.654999 * X2) * ((-2.546286) * X2)) / (1043.181030 - ((-29.974310) * X1))) * (((0.000141 * X2) + ((-0.000027) * X1)) * ((-3.248918) * X1))))))",
    "complexity": 81,
    "mse_train": 0.015895374249674764,
    "mse_test": 0.013771666076292937,
    "r2_train": 0.5377348289466345,
    "r2_test": 0.602685044397395,
    "seed": 45,
    "algorithm": "Operon",
    "dataset": "nikuradse_1",
    "scenario": "C1",
    "fold": 5,
    "population_size": 500,
    "pool_size": 500,
    "generations": 400,
    "max_evaluations": 200000,
    "operators": "add,sub,mul,div,constant,variable"
  },
  {
    "model_id": 266,
    "expression": "(0.000102 + (0.999763 * (((((((-55.903458) * X2) + ((-0.290753) * X2)) - (((-1122348032.000000) * X2) / (18987160.000000 * X1))) + ((213.299515 + (0.007544 * X1)) + 28.854174)) / (((((-0.014720) * X1) - ((-23.700586) * X2)) + ((-12.215705) * X2)) - ((-3.122681) - 4.949830))) + ((((((((-6697.050781) / ((-68.723206) * X1)) + (-45.479889)) + (18.906347 * X1)) * ((0.542668 * X2) - 2.115885)) / (0.685485 * X1)) / (532.756531 - ((-9.099559) * X1))) * ((((-9.355942) * X2) - ((-0.449632) * X1)) - ((-44.075310) - 46.753490))))))",
    "complexity": 83,
    "mse_train": 0.0001545971407568488,
    "mse_test": 0.0001735746297318186,
    "r2_train": 0.9955040458567506,
    "r2_test": 0.9949923418180787,
    "seed": 45,
    "algorithm": "Operon",
    "dataset": "nikuradse_1",
    "scenario": "C1",
    "fold": 5,
    "population_size": 500,
    "pool_size": 500,
    "generations": 400,
    "max_evaluations": 200000,
    "operators": "add,sub,mul,div,constant,variable"
  },
  {
    "model_id": 267,
    "expression": "((-0.000378) + (1.000636 * (((0.395691 * (0.868902 * X2)) * (((-13.873643) / ((-8.945176) * X1)) + 1.678108)) - ((-0.224818) / (((0.586334 * X1) - (-89.525856)) / (((((23731.703125 * X1) + (482421.250000 * X2)) / (((34348.882812 * X2) - (25.694536 * X1)) - ((34067.949219 * X2) - (-4388.888184)))) + (((1.096219 * X1) * (-16.239546)) + (((((-1.226434) * X2) / ((-0.977157) * X2)) / (((-0.429165) * X2) * 0.561452)) * (((-2.959223) * 1.548239) * (3.011366 * (0.755703 * X1)))))) + ((-14.449096) * X2)))))))",
    "complexity": 81,
    "mse_train": 0.00017304255836682062,
    "mse_test": 0.00018359817586785146,
    "r2_train": 0.994967620982904,
    "r2_test": 0.994703160773029,
    "seed": 45,
    "algorithm": "Operon",
    "dataset": "nikuradse_1",
    "scenario": "C1",
    "fold": 5,
    "population_size": 500,
    "pool_size": 500,
    "generations": 400,
    "max_evaluations": 200000,
    "operators": "add,sub,mul,div,constant,variable"
  },
  {
    "model_id": 268,
    "expression": "((-0.000424) + (1.000708 * (((((((-1161.050659) * X2) + (2632.199707 * X2)) - ((8436598702080.000000 * X2) / (410855309312.000000 * X1))) + ((((-205.585938) * X2) - (-652.147766)) - ((1349.160400 * X2) - (-262.169830)))) / (((((-0.306024) * X1) - ((-51.154217) * X2)) + (83.309212 * X2)) - (83.437798 - (-156.239532)))) + ((((((539.963623 * X2) + ((-447.356476) * X1)) * ((0.752370 * X2) - 2.285503)) / (((-181.002167) * X1) - 5535.673828)) / ((-1498.688232) - ((-235.908966) * X1))) * ((((-375.828003) * X2) - ((-21.714752) * X1)) - ((-415.250397) - 3613.837158))))))",
    "complexity": 85,
    "mse_train": 0.00019216269635407836,
    "mse_test": 0.00019119634919996233,
    "r2_train": 0.9944115740652025,
    "r2_test": 0.99448395215416,
    "seed": 45,
    "algorithm": "Operon",
    "dataset": "nikuradse_1",
    "scenario": "C1",
    "fold": 5,
    "population_size": 500,
    "pool_size": 500,
    "generations": 400,
    "max_evaluations": 200000,
    "operators": "add,sub,mul,div,constant,variable"
  },
  {
    "model_id": 269,
    "expression": "(0.000093 + (0.999813 * (((((44.803692 * X2) * (0.640604 * X2)) + (2327.357910 - ((-55.073643) * X1))) / ((((149.695465 * X1) - (260.496338 * X2)) + (369.089478 * X2)) - ((-1221.514282) - 951.050598))) + ((0.351314 * (2.170818 * X2)) * ((((14.668802 * X2) - 158.969803) - ((146.416336 + ((0.007742 * X1) - (-141.536606))) / ((4.079738 * X2) / (-5.804482)))) / (((7.140252 - (0.014352 * X1)) * ((29.715992 * X2) - (0.597641 * X1))) + ((209.434631 - ((-2.301311) * X1)) - (2.588144 * X1))))))))",
    "complexity": 83,
    "mse_train": 0.00032758646847665443,
    "mse_test": 0.0003545963024154542,
    "r2_train": 0.9904732148795914,
    "r2_test": 0.9897698351549802,
    "seed": 45,
    "algorithm": "Operon",
    "dataset": "nikuradse_1",
    "scenario": "C1",
    "fold": 5,
    "population_size": 500,
    "pool_size": 500,
    "generations": 400,
    "max_evaluations": 200000,
    "operators": "add,sub,mul,div,constant,variable"
  },
  {
    "model_id": 270,
    "expression": "(0.001076 + (0.998490 * (((((((-1211.849487) * X2) + (1184.257446 * X2)) - ((87891615154176.000000 * X2) / (686077247488.000000 * X1))) + ((((-256.574585) * X2) - (-1109.023682)) - ((666114.125000 / (-1115737.750000)) - 194.793945))) / (((((-2.883255) * X1) - (13.734152 * X2)) + (832.690430 * X2)) - (407.692200 - (-1047.527466)))) + (((((((-108.354904) * X2) + (207.543365 * X1)) * ((0.391450 * X2) - 0.829675)) / (64.864212 * X1)) / (920.595459 - ((-62.335571) * X1))) * ((((-86.546280) * X2) - ((-5.743067) * X1)) - (1163.585083 - 2034.092896))))))",
    "complexity": 83,
    "mse_train": 0.00033418211013533106,
    "mse_test": 0.00026609729233392293,
    "r2_train": 0.9902814021313249,
    "r2_test": 0.9923230469498804,
    "seed": 45,
    "algorithm": "Operon",
    "dataset": "nikuradse_1",
    "scenario": "C1",
    "fold": 5,
    "population_size": 500,
    "pool_size": 500,
    "generations": 400,
    "max_evaluations": 200000,
    "operators": "add,sub,mul,div,constant,variable"
  },
  {
    "model_id": 271,
    "expression": "((-0.000879) + (1.001477 * ((((((-1.346062) * X2) - ((-1.219697) * X1)) * 5.753710) * ((0.012683 * X2) - (((((20.619772 + ((-7.826462) * X2)) - (9.366674 * X2)) - ((-67.285370) + (0.069362 * X1))) - (((-32.627300) - 30.874023) / ((2.475244 * X2) / ((((-1.186642) - (-1.651221)) / 0.187457) * ((0.091018 * X2) + (-1.787405)))))) / (((0.836948 - ((-0.059753) * X1)) * ((9.671442 * X2) - (0.006338 * X1))) + (((-31.184689) - ((-1.884368) * X1)) - (3.698833 * X1)))))) / (3.955863 * X1))))",
    "complexity": 81,
    "mse_train": 0.00034058151576724576,
    "mse_test": 0.0002275221873398389,
    "r2_train": 0.9900952962685367,
    "r2_test": 0.9934359454215093,
    "seed": 45,
    "algorithm": "Operon",
    "dataset": "nikuradse_1",
    "scenario": "C1",
    "fold": 5,
    "population_size": 500,
    "pool_size": 500,
    "generations": 400,
    "max_evaluations": 200000,
    "operators": "add,sub,mul,div,constant,variable"
  },
  {
    "model_id": 272,
    "expression": "((-0.001117) + (1.000989 * (((((((-559.467957) * X2) + (450.255981 * X2)) - ((84181221376.000000 * X2) / (658176768.000000 * X1))) + ((1886.553223 + ((-5.132893) * X1)) + 1688.044189)) / (((1.741131 * X1) / (-0.117658)) - (((-3753.653809) + ((-2.620409) * X1)) + (-3750.584473)))) + ((((((((-17.385515) * X1) - 1681.771484) + (17.480898 * X1)) * (((-0.087358) * X2) - (-0.881067))) / (11.688190 * X1)) / (673.188843 - (4.297432 * X1))) * ((((-14.967850) * X2) - ((1.854348 * X2) - (-10.903196))) - ((-18.734617) - 21.413008))))))",
    "complexity": 81,
    "mse_train": 0.0006922551177175583,
    "mse_test": 0.0005671682725284773,
    "r2_train": 0.9798680153497599,
    "r2_test": 0.9836370969372562,
    "seed": 45,
    "algorithm": "Operon",
    "dataset": "nikuradse_1",
    "scenario": "C1",
    "fold": 5,
    "population_size": 500,
    "pool_size": 500,
    "generations": 400,
    "max_evaluations": 200000,
    "operators": "add,sub,mul,div,constant,variable"
  },
  {
    "model_id": 273,
    "expression": "(0.001982 + (0.996667 * (((((4.676953 * X1) - (((-1057.191772) * X2) / (((((-158.812637) * X1) - ((-42.916283) * X2)) + (311.153992 * X2)) * (0.102177 / (1.188299 * X1))))) + ((2967.030029 + ((-4.169549) * X1)) + 2971.538574)) / (((31.755804 * X2) * (18.564459 * X2)) - ((((3124697.000000 + ((-113089.117188) * X1)) / (-602.457642)) / (517.089233 * X1)) - 6179.253418))) + (((((-2.928699) * X2) * (1.054466 * X2)) / (217.660309 - ((-40.644779) * X1))) * ((((-7.427605) * X2) / ((-0.602238) * X1)) - (7.632453 - (-2.549508)))))))",
    "complexity": 85,
    "mse_train": 0.0006982228855010318,
    "mse_test": 0.00047441184257206425,
    "r2_train": 0.9796944622674667,
    "r2_test": 0.9863131360341836,
    "seed": 45,
    "algorithm": "Operon",
    "dataset": "nikuradse_1",
    "scenario": "C1",
    "fold": 5,
    "population_size": 500,
    "pool_size": 500,
    "generations": 400,
    "max_evaluations": 200000,
    "operators": "add,sub,mul,div,constant,variable"
  },
  {
    "model_id": 274,
    "expression": "((-0.007554) + (1.013316 * ((((0.172852 * X2) + ((-10.670321) * X1)) - 0.286734) + ((((10.675346 * X1) - (0.107654 * X2)) + (((((-0.461781) * X2) - 2.848677) * (((-0.615947) / ((((-10.940066) + (2.595537 * X1)) / (((-0.009244) * X1) * 0.208070)) - (((-91.729439) / (256.679932 * X1)) + ((0.132259 * X2) + (0.764867 * X1))))) * ((-5.159413) + (0.444910 * X2)))) * ((((-1.072063) + 0.745876) - ((-0.053442) * X2)) - ((-81.457512) + (0.581247 * X1))))) - ((0.000098 * X2) * (4.495842 * X1))))))",
    "complexity": 83,
    "mse_train": 0.000714364548552193,
    "mse_test": 0.0005466046688017873,
    "r2_train": 0.97922503458906,
    "r2_test": 0.9842303604724333,
    "seed": 45,
    "algorithm": "Operon",
    "dataset": "nikuradse_1",
    "scenario": "C1",
    "fold": 5,
    "population_size": 500,
    "pool_size": 500,
    "generations": 400,
    "max_evaluations": 200000,
    "operators": "add,sub,mul,div,constant,variable"
  },
  {
    "model_id": 275,
    "expression": "((-0.000070) + (1.000113 * ((((((((((-655.850647) * X2) / (2.826103 * X1)) * ((1.557220 * X1) + (-18.761612))) + ((-118.163971) * X2)) + ((-66.768379) * X2)) - (((-297.772949) + ((-0.756532) * X1)) + 197.227600)) + ((1077.398804 + (-0.298366)) + 2059.071289)) / (((((-192.504501) * X2) - ((-173.814697) * X2)) + (1290.998169 * X2)) - (55.590897 - (-510.676605)))) + (((((-4.437500) * X2) * (1.097021 * X2)) / ((-618.948364) - (2.606424 * X1))) * ((((-1.303588) * X2) / ((-0.369507) * X2)) - (1.964986 - 0.711422))))))",
    "complexity": 81,
    "mse_train": 0.0007305501019266643,
    "mse_test": 0.0008174187569642978,
    "r2_train": 0.9787543305035996,
    "r2_test": 0.976417327044323,
    "seed": 45,
    "algorithm": "Operon",
    "dataset": "nikuradse_1",
    "scenario": "C1",
    "fold": 5,
    "population_size": 500,
    "pool_size": 500,
    "generations": 400,
    "max_evaluations": 200000,
    "operators": "add,sub,mul,div,constant,variable"
  },
  {
    "model_id": 276,
    "expression": "(0.001474 + (0.996752 * ((((((-2.799723) * X2) - (0.710341 * X1)) * 4.891243) * ((0.032613 * X2) - (((((136.612122 + (19.025606 * X2)) - ((-15.320984) * X2)) - ((-183.081238) + (13.321027 * X1))) - ((115.644211 - (-114.882439)) / ((2.155074 * X2) / ((((-1.925628) - 0.351981) / 0.952409) * ((0.849432 * X2) + (-3.645755)))))) / (((40.260212 - ((-0.006241) * X1)) * ((3.694903 * X2) - (1.276166 * X1))) + ((271.768829 - ((-14.619796) * X1)) - ((-11.873443) * X1)))))) / (3.464767 * X1))))",
    "complexity": 81,
    "mse_train": 0.0008735751795168384,
    "mse_test": 0.0005027694392619584,
    "r2_train": 0.9745949121144104,
    "r2_test": 0.985495014449807,
    "seed": 45,
    "algorithm": "Operon",
    "dataset": "nikuradse_1",
    "scenario": "C1",
    "fold": 5,
    "population_size": 500,
    "pool_size": 500,
    "generations": 400,
    "max_evaluations": 200000,
    "operators": "add,sub,mul,div,constant,variable"
  },
  {
    "model_id": 277,
    "expression": "(0.440289 + (0.369699 * (((-0.047660) * X2) + (((((((-0.048348) * X2) / (-4.551501)) * ((7.490815 * X2) / ((-0.473357) * X1))) - ((1010.629944 + (1.508971 * X1)) - ((-20.386000) / (5.661471 * X2)))) * (((((-426.247833) - 9826.293945) / (5.185237 * X1)) + (33.082428 / (-196965.265625))) * ((0.000000 / (-3.535733)) * ((0.084757 * X1) - 326.461243)))) - (((((-11.913961) * X1) + 237.499115) - 0.963414) / ((((-709480.625000) * X2) - (-2388267.750000)) * ((-716273.687500) * (-58560.570312))))))))",
    "complexity": 73,
    "mse_train": 0.003934380428674115,
    "mse_test": 0.004431710287364435,
    "r2_train": 0.8855813639060894,
    "r2_test": 0.872144389334353,
    "seed": 45,
    "algorithm": "Operon",
    "dataset": "nikuradse_1",
    "scenario": "C1",
    "fold": 5,
    "population_size": 500,
    "pool_size": 500,
    "generations": 400,
    "max_evaluations": 200000,
    "operators": "add,sub,mul,div,constant,variable"
  },
  {
    "model_id": 278,
    "expression": "((-0.004952) + (1.008863 * ((((((788.995667 * X2) + ((-790.276123) * X2)) - (((-154.110672) * X2) / ((((-2.407825) * X1) / ((-0.203363) * X2)) * (0.346171 / ((-0.053054) * X1))))) + ((-1860.356934) + (-4455.319336))) / (((17.231987 * X2) * ((-42.122757) * X2)) - ((((227106.812500 / (-9014.937500)) * 50464.382812) / ((-68274.734375) + ((-0.043090) * X1))) - ((-166.894669) * X2)))) + ((((2.217049 * X2) * ((-3.966393) * X2)) / (163.566940 - ((-2.237781) * X1))) * ((((-5.675072) * X2) * (1.508253 * X2)) / (541.472168 - ((-6.274103) * X1)))))))",
    "complexity": 85,
    "mse_train": 0.004392171214841243,
    "mse_test": 0.005840882466751102,
    "r2_train": 0.8722680104266309,
    "r2_test": 0.8314895274761174,
    "seed": 45,
    "algorithm": "Operon",
    "dataset": "nikuradse_1",
    "scenario": "C1",
    "fold": 5,
    "population_size": 500,
    "pool_size": 500,
    "generations": 400,
    "max_evaluations": 200000,
    "operators": "add,sub,mul,div,constant,variable"
  },
  {
    "model_id": 279,
    "expression": "(0.001561 + (0.997410 * ((0.231424 * X2) + (((((((-0.090535) * X1) + (-0.482483)) - 0.861215) - (((-1.486160) + ((-0.064842) * X1)) - ((-15.412663) / (10.444458 * X2)))) * (((0.002908 / (1.107059 * X1)) + ((-0.000004) / 1.119599)) * ((2.281301 / (-0.210080)) * (((-3.758818) * X1) - 54.381161)))) - ((((-0.192795) + ((-0.160835) * X2)) * ((-11.273754) + (3.415853 * X2))) / ((0.233109 - 4.332642) * (((-4.274082) / ((-3.056325) * X2)) - (-4.094946))))))))",
    "complexity": 71,
    "mse_train": 0.0046337414054543,
    "mse_test": 0.0037098609571981018,
    "r2_train": 0.8652427284967372,
    "r2_test": 0.8929698677461857,
    "seed": 45,
    "algorithm": "Operon",
    "dataset": "nikuradse_1",
    "scenario": "C1",
    "fold": 5,
    "population_size": 500,
    "pool_size": 500,
    "generations": 400,
    "max_evaluations": 200000,
    "operators": "add,sub,mul,div,constant,variable"
  },
  {
    "model_id": 280,
    "expression": "(0.060723 + (0.890884 * ((((((-5.618929) * X2) * ((-5.482766) * X2)) / (1665.631348 - ((-28.645781) * X1))) + ((((((0.000170 * X2) + (0.000000 * X1)) * ((-4.167133) * X1)) * ((-0.494587) * (1.130914 * X2))) * (((-1.348250) / ((-1.391343) * X1)) * (1.567180 + ((-0.223227) * X2)))) * ((((209.434631 - ((-2.448487) * X1)) - (2.590203 * X1)) - ((-0.390019) * X2)) - ((-3.646432) / ((-0.271853) * X1))))) - ((((0.341098 * X2) / (0.614694 * X1)) - ((-0.128112) * 1.079079)) + ((2.074777 * X1) / (8.864625 * X1))))))",
    "complexity": 87,
    "mse_train": 0.01111850003193504,
    "mse_test": 0.01119183493395687,
    "r2_train": 0.6766546519516856,
    "r2_test": 0.6771136204390371,
    "seed": 45,
    "algorithm": "Operon",
    "dataset": "nikuradse_1",
    "scenario": "C1",
    "fold": 5,
    "population_size": 500,
    "pool_size": 500,
    "generations": 400,
    "max_evaluations": 200000,
    "operators": "add,sub,mul,div,constant,variable"
  }
]